
2022	7	26	14	51	28	5391	2787	981219	96
2022	7	26	14	51	34	5378	2790	981279	96
2022	7	26	14	51	41	5363	2792	981247	96
2022	7	26	14	51	47	5356	2794	981325	96
2022	7	26	14	51	54	5344	2794	981363	96
2022	7	26	14	51	59	5341	2794	981381	96
2022	7	26	14	52	6	5341	2792	981366	96
2022	7	26	14	52	13	5330	2794	981438	96
2022	7	26	14	52	18	5327	2796	981416	96
2022	7	26	14	52	24	5317	2799	981449	96
2022	7	26	15	7	30	4916	2785	980351	96
2022	7	26	15	7	36	4911	2790	980408	96
2022	7	26	15	7	42	4906	2790	980390	96
2022	7	26	15	7	48	4903	2792	980375	96
2022	7	26	15	7	55	4900	2792	980493	96
2022	7	26	15	8	1	4887	2797	980527	96
2022	7	26	15	8	6	4887	2794	980670	96
2022	7	26	15	8	13	4888	2799	980587	96
2022	7	26	15	8	18	4882	2794	980687	96
2022	7	26	15	8	24	4877	2797	980596	96
2022	7	26	15	23	31	4829	2783	980370	95
2022	7	26	15	23	37	4820	2781	980446	95
2022	7	26	15	23	43	4815	2783	980507	95
2022	7	26	15	23	49	4812	2785	980479	95
2022	7	26	15	23	55	4801	2787	980492	95
2022	7	26	15	24	0	4798	2787	980580	95
2022	7	26	15	24	5	4801	2783	980616	95
2022	7	26	15	24	11	4801	2790	980675	95
2022	7	26	15	24	16	4799	2790	980544	95
2022	7	26	15	24	22	4785	2794	980635	95
2022	7	26	15	24	28	4789	2794	980656	95
2022	7	26	15	39	35	4767	2778	980714	95
2022	7	26	15	39	42	4765	2781	980706	95
2022	7	26	15	39	48	4749	2781	980702	95
2022	7	26	15	39	54	4751	2780	980761	95
2022	7	26	15	40	0	4747	2783	980831	95
2022	7	26	15	40	5	4747	2781	980914	95
2022	7	26	15	40	11	4745	2783	980887	95
2022	7	26	15	40	16	4743	2785	980911	95
2022	7	26	15	40	21	4733	2783	981003	95
2022	7	26	15	40	27	4730	2785	981014	95
2022	7	26	15	40	32	4724	2783	980989	95
2022	7	26	15	55	40	4696	2774	980914	95
2022	7	26	15	55	47	4688	2774	981027	95
2022	7	26	15	55	53	4685	2780	980949	95
2022	7	26	15	56	0	4684	2781	981179	95
2022	7	26	15	56	5	4677	2781	981021	95
2022	7	26	15	56	10	4677	2781	981154	95
2022	7	26	15	56	16	4667	2778	981184	95
2022	7	26	15	56	21	4671	2781	981189	95
2022	7	26	15	56	27	4666	2787	981270	95
2022	7	26	15	56	32	4664	2785	981333	95
2022	7	26	15	56	38	4660	2787	981365	95
2022	7	26	16	11	45	4602	2778	981306	95
2022	7	26	16	11	51	4608	2776	981279	95
2022	7	26	16	11	57	4598	2780	981284	95
2022	7	26	16	12	2	4595	2778	981414	95
2022	7	26	16	12	8	4593	2781	981388	95
2022	7	26	16	12	14	4592	2781	981423	95
2022	7	26	16	12	21	4581	2783	981442	95
2022	7	26	16	12	27	4576	2783	981529	95
2022	7	26	16	12	33	4577	2787	981645	95
2022	7	26	16	12	39	4576	2787	981547	95
2022	7	26	16	27	47	4537	2774	981622	95
2022	7	26	16	27	53	4524	2780	981644	95
2022	7	26	16	27	59	4528	2780	981607	95
2022	7	26	16	28	5	4527	2778	981721	95
2022	7	26	16	28	12	4515	2781	981693	95
2022	7	26	16	28	18	4515	2785	981737	95
2022	7	26	16	28	24	4510	2787	981764	95
2022	7	26	16	28	30	4511	2781	981885	95
2022	7	26	16	28	35	4500	2787	981800	95
2022	7	26	16	28	42	4505	2788	981875	95
2022	7	26	16	43	49	4479	2778	981871	95
2022	7	26	16	43	56	4468	2776	981920	95
2022	7	26	16	44	2	4472	2778	981862	95
2022	7	26	16	44	8	4464	2780	981930	95
2022	7	26	16	44	13	4465	2780	981933	95
2022	7	26	16	44	20	4461	2780	981984	95
2022	7	26	16	44	26	4456	2783	982053	95
2022	7	26	16	44	32	4454	2783	982103	95
2022	7	26	16	44	39	4450	2785	982140	95
2022	7	26	16	44	46	4453	2785	982180	95
2022	7	26	16	59	53	4430	2773	982000	95
2022	7	26	17	0	0	4423	2776	982103	95
2022	7	26	17	0	6	4415	2774	982178	95
2022	7	26	17	0	13	4420	2778	982130	95
2022	7	26	17	0	19	4408	2781	982194	95
2022	7	26	17	0	25	4406	2780	982230	95
2022	7	26	17	0	30	4412	2780	982275	95
2022	7	26	17	0	36	4404	2781	982276	95
2022	7	26	17	0	41	4405	2780	982385	95
2022	7	26	17	0	46	4406	2781	982418	95
2022	7	26	17	15	54	4390	2771	982249	95
2022	7	26	17	15	59	4382	2774	982302	95
2022	7	26	17	16	6	4379	2778	982295	95
2022	7	26	17	16	12	4375	2774	982344	95
2022	7	26	17	16	18	4374	2778	982441	95
2022	7	26	17	16	24	4366	2780	982314	95
2022	7	26	17	16	31	4364	2781	982430	95
2022	7	26	17	16	36	4359	2780	982481	95
2022	7	26	17	16	42	4357	2781	982611	95
2022	7	26	17	16	47	4361	2781	982582	95
2022	7	26	17	31	56	4342	2774	982514	95
2022	7	26	17	32	1	4338	2773	982543	95
2022	7	26	17	32	8	4335	2776	982513	95
2022	7	26	17	32	14	4333	2778	982628	95
2022	7	26	17	32	19	4332	2776	982493	95
2022	7	26	17	32	26	4328	2781	982556	95
2022	7	26	17	32	32	4322	2780	982613	95
2022	7	26	17	32	38	4320	2780	982756	95
2022	7	26	17	32	43	4314	2778	982743	95
2022	7	26	17	32	50	4314	2781	982699	95
2022	7	26	17	47	57	4303	2767	982599	95
2022	7	26	17	48	2	4295	2769	982664	95
2022	7	26	17	48	7	4293	2774	982644	95
2022	7	26	17	48	12	4294	2774	982699	95
2022	7	26	17	48	18	4283	2774	982709	95
2022	7	26	17	48	23	4282	2776	982853	95
2022	7	26	17	48	28	4287	2778	982720	95
2022	7	26	17	48	34	4276	2781	982727	95
2022	7	26	17	48	40	4278	2781	982856	95
2022	7	26	17	48	45	4278	2781	982830	95
2022	7	26	17	48	51	4267	2783	982906	95
2022	7	26	18	3	58	4251	2773	982782	95
2022	7	26	18	4	3	4244	2776	982871	95
2022	7	26	18	4	9	4246	2773	982835	95
2022	7	26	18	4	15	4239	2774	982863	95
2022	7	26	18	4	20	4239	2774	982912	95
2022	7	26	18	4	25	4235	2774	982909	95
2022	7	26	18	4	30	4236	2778	982892	95
2022	7	26	18	4	35	4232	2778	983010	95
2022	7	26	18	4	40	4227	2778	983032	95
2022	7	26	18	4	45	4227	2776	983063	95
2022	7	26	18	4	50	4224	2776	983058	95
2022	7	26	18	4	55	4222	2783	983042	95
2022	7	26	18	20	2	4202	2769	982976	95
2022	7	26	18	20	7	4203	2771	982931	95
2022	7	26	18	20	12	4206	2771	982977	95
2022	7	26	18	20	17	4198	2776	982991	95
2022	7	26	18	20	23	4202	2774	983081	95
2022	7	26	18	20	28	4195	2776	983170	95
2022	7	26	18	20	33	4191	2780	983071	95
2022	7	26	18	20	38	4188	2776	983115	95
2022	7	26	18	20	43	4189	2776	983132	95
2022	7	26	18	20	48	4193	2780	983098	95
2022	7	26	18	20	53	4182	2783	983163	95
2022	7	26	18	20	58	4179	2780	983296	95
2022	7	26	18	36	5	4159	2771	983088	95
2022	7	26	18	36	10	4159	2771	983222	95
2022	7	26	18	36	15	4160	2773	983210	95
2022	7	26	18	36	20	4153	2774	983225	95
2022	7	26	18	36	25	4147	2774	983313	95
2022	7	26	18	36	30	4147	2776	983230	95
2022	7	26	18	36	35	4148	2776	983236	95
2022	7	26	18	36	40	4142	2776	983454	95
2022	7	26	18	36	45	4142	2778	983343	95
2022	7	26	18	36	50	4143	2780	983415	95
2022	7	26	18	36	55	4145	2780	983374	95
2022	7	26	18	37	0	4138	2781	983449	95
2022	7	26	18	52	6	4127	2767	983272	95
2022	7	26	18	52	12	4122	2773	983344	95
2022	7	26	18	52	17	4118	2773	983304	95
2022	7	26	18	52	22	4112	2774	983374	95
2022	7	26	18	52	28	4110	2774	983377	95
2022	7	26	18	52	34	4104	2778	983525	95
2022	7	26	18	52	40	4111	2776	983429	95
2022	7	26	18	52	45	4109	2780	983476	95
2022	7	26	18	52	51	4103	2780	983495	95
2022	7	26	18	52	57	4101	2780	983550	95
2022	7	26	18	53	2	4111	2783	983644	95
2022	7	26	19	8	9	4111	2767	983348	95
2022	7	26	19	8	14	4105	2767	983401	95
2022	7	26	19	8	20	4098	2769	983466	95
2022	7	26	19	8	25	4096	2771	983479	95
2022	7	26	19	8	30	4097	2774	983487	95
2022	7	26	19	8	35	4086	2774	983485	95
2022	7	26	19	8	40	4089	2773	983520	95
2022	7	26	19	8	45	4083	2776	983654	95
2022	7	26	19	8	50	4088	2778	983547	95
2022	7	26	19	8	55	4084	2778	983633	95
2022	7	26	19	9	0	4083	2778	983667	95
2022	7	26	19	9	5	4080	2778	983701	95
2022	7	26	19	24	11	4078	2764	983424	95
2022	7	26	19	24	17	4071	2767	983565	95
2022	7	26	19	24	22	4068	2773	983586	95
2022	7	26	19	24	27	4067	2771	983523	95
2022	7	26	19	24	32	4062	2771	983669	95
2022	7	26	19	24	37	4067	2771	983596	95
2022	7	26	19	24	42	4065	2773	983604	95
2022	7	26	19	24	47	4059	2773	983574	95
2022	7	26	19	24	52	4060	2773	983624	95
2022	7	26	19	24	57	4055	2776	983637	95
2022	7	26	19	25	2	4060	2776	983677	95
2022	7	26	19	25	7	4052	2776	983800	95
2022	7	26	19	40	13	4060	2762	983483	95
2022	7	26	19	40	19	4048	2764	983594	95
2022	7	26	19	40	24	4046	2765	983547	95
2022	7	26	19	40	29	4047	2765	983652	95
2022	7	26	19	40	34	4048	2767	983616	95
2022	7	26	19	40	39	4040	2764	983648	95
2022	7	26	19	40	44	4039	2771	983610	95
2022	7	26	19	40	50	4040	2773	983712	95
2022	7	26	19	40	55	4039	2767	983817	95
2022	7	26	19	41	0	4034	2773	983850	95
2022	7	26	19	41	5	4031	2771	983744	95
2022	7	26	19	41	11	4030	2773	983863	95
2022	7	26	19	56	18	4031	2760	983568	95
2022	7	26	19	56	23	4041	2760	983574	95
2022	7	26	19	56	28	4039	2762	983570	95
2022	7	26	19	56	33	4023	2760	983649	95
2022	7	26	19	56	38	4025	2764	983651	95
2022	7	26	19	56	44	4028	2765	983654	95
2022	7	26	19	56	49	4019	2760	983699	95
2022	7	26	19	56	54	4024	2767	983782	95
2022	7	26	19	56	59	4016	2765	983732	95
2022	7	26	19	57	4	4018	2767	983757	95
2022	7	26	19	57	9	4016	2769	983876	95
2022	7	26	19	57	14	4019	2765	983823	95
2022	7	26	20	12	20	4015	2753	983520	95
2022	7	26	20	12	26	4014	2755	983608	95
2022	7	26	20	12	31	4012	2751	983579	95
2022	7	26	20	12	36	4010	2758	983569	95
2022	7	26	20	12	41	4012	2755	983649	95
2022	7	26	20	12	46	4009	2758	983604	95
2022	7	26	20	12	52	4003	2758	983721	95
2022	7	26	20	12	57	3999	2758	983819	95
2022	7	26	20	13	2	4000	2760	983760	95
2022	7	26	20	13	7	3998	2762	983906	95
2022	7	26	20	13	12	3993	2764	983827	95
2022	7	26	20	13	18	4000	2764	983855	95
2022	7	26	20	28	24	4003	2746	983487	95
2022	7	26	20	28	30	3997	2748	983538	95
2022	7	26	20	28	36	3996	2750	983626	95
2022	7	26	20	28	41	3989	2751	983642	95
2022	7	26	20	28	46	3990	2751	983620	95
2022	7	26	20	28	51	3990	2757	983678	95
2022	7	26	20	28	57	3982	2755	983766	95
2022	7	26	20	29	2	3982	2753	983759	95
2022	7	26	20	29	7	3988	2757	983672	95
2022	7	26	20	29	13	3988	2755	983881	95
2022	7	26	20	29	18	3982	2758	983864	95
2022	7	26	20	44	24	3958	2751	983841	94
2022	7	26	20	44	31	3948	2757	983819	94
2022	7	26	20	44	36	3946	2755	983876	94
2022	7	26	20	44	41	3943	2753	984013	94
2022	7	26	20	44	46	3943	2755	983985	94
2022	7	26	20	44	51	3936	2760	983988	94
2022	7	26	20	44	56	3941	2757	983990	94
2022	7	26	20	45	1	3934	2758	984031	94
2022	7	26	20	45	7	3928	2760	984035	94
2022	7	26	20	45	12	3925	2760	984098	94
2022	7	26	20	45	17	3926	2764	984089	94
2022	7	26	20	45	22	3927	2762	984165	94
2022	7	26	21	0	28	3908	2767	984480	94
2022	7	26	21	0	33	3903	2767	984435	94
2022	7	26	21	0	38	3903	2769	984544	94
2022	7	26	21	0	43	3902	2769	984681	94
2022	7	26	21	0	48	3903	2773	984681	94
2022	7	26	21	0	54	3892	2773	984710	94
2022	7	26	21	0	59	3890	2773	984712	94
2022	7	26	21	1	4	3893	2774	984640	94
2022	7	26	21	1	9	3889	2776	984694	94
2022	7	26	21	1	14	3884	2774	984800	94
2022	7	26	21	1	19	3889	2774	984868	94
2022	7	26	21	1	24	3878	2778	984869	94
2022	7	26	21	16	30	3887	2781	985103	94
2022	7	26	21	16	36	3891	2783	985156	94
2022	7	26	21	16	41	3883	2781	985145	94
2022	7	26	21	16	46	3881	2781	985348	94
2022	7	26	21	16	51	3884	2787	985274	94
2022	7	26	21	16	56	3881	2785	985290	94
2022	7	26	21	17	1	3880	2787	985344	94
2022	7	26	21	17	6	3879	2785	985349	94
2022	7	26	21	17	11	3872	2787	985368	94
2022	7	26	21	17	16	3866	2788	985374	94
2022	7	26	21	17	21	3874	2790	985444	94
2022	7	26	21	17	26	3866	2790	985612	94
2022	7	26	21	32	32	3878	2792	985896	94
2022	7	26	21	32	37	3875	2794	985821	94
2022	7	26	21	32	43	3873	2796	985918	94
2022	7	26	21	32	48	3867	2796	985905	94
2022	7	26	21	32	53	3865	2801	985918	94
2022	7	26	21	32	58	3868	2803	985843	94
2022	7	26	21	33	3	3860	2803	985905	94
2022	7	26	21	33	8	3861	2799	986007	94
2022	7	26	21	33	13	3859	2803	986053	94
2022	7	26	21	33	18	3855	2801	986069	94
2022	7	26	21	33	23	3855	2801	986104	94
2022	7	26	21	33	28	3855	2804	986215	94
2022	7	26	21	48	34	3870	2804	986313	94
2022	7	26	21	48	39	3851	2806	986326	94
2022	7	26	21	48	44	3859	2810	986425	94
2022	7	26	21	48	49	3851	2811	986539	94
2022	7	26	21	48	54	3849	2808	986433	94
2022	7	26	21	48	59	3846	2813	986543	94
2022	7	26	21	49	4	3844	2815	986576	94
2022	7	26	21	49	10	3848	2808	986502	94
2022	7	26	21	49	15	3842	2813	986545	94
2022	7	26	21	49	20	3840	2815	986602	94
2022	7	26	21	49	25	3845	2813	986637	94
2022	7	26	21	49	30	3837	2815	986770	94
2022	7	26	22	4	36	3848	2815	986719	94
2022	7	26	22	4	41	3848	2813	986833	94
2022	7	26	22	4	46	3849	2815	986932	94
2022	7	26	22	4	51	3847	2817	986952	94
2022	7	26	22	4	56	3845	2817	986936	94
2022	7	26	22	5	1	3834	2820	986958	94
2022	7	26	22	5	6	3837	2819	986989	94
2022	7	26	22	5	11	3836	2820	987014	94
2022	7	26	22	5	17	3831	2819	987096	94
2022	7	26	22	5	22	3831	2820	987148	94
2022	7	26	22	5	27	3829	2822	987151	94
2022	7	26	22	5	32	3824	2824	987153	94
2022	7	26	22	20	38	3843	2819	987247	94
2022	7	26	22	20	43	3834	2824	987275	94
2022	7	26	22	20	48	3832	2820	987236	94
2022	7	26	22	20	53	3831	2822	987257	94
2022	7	26	22	20	58	3834	2827	987406	94
2022	7	26	22	21	3	3831	2826	987395	94
2022	7	26	22	21	8	3829	2827	987416	94
2022	7	26	22	21	13	3823	2827	987424	94
2022	7	26	22	21	18	3826	2827	987478	94
2022	7	26	22	21	23	3820	2831	987406	94
2022	7	26	22	21	28	3820	2831	987523	94
2022	7	26	22	21	33	3814	2831	987515	94
2022	7	26	22	36	39	3829	2827	987568	94
2022	7	26	22	36	44	3822	2831	987525	94
2022	7	26	22	36	49	3826	2833	987524	94
2022	7	26	22	36	54	3825	2836	987591	94
2022	7	26	22	36	59	3816	2835	987677	94
2022	7	26	22	37	4	3817	2835	987640	94
2022	7	26	22	37	9	3813	2835	987688	94
2022	7	26	22	37	14	3811	2836	987670	94
2022	7	26	22	37	19	3817	2836	987781	94
2022	7	26	22	37	24	3810	2835	987818	94
2022	7	26	22	37	29	3809	2836	987845	94
2022	7	26	22	37	34	3808	2840	987883	94
2022	7	26	22	52	40	3816	2833	987774	94
2022	7	26	22	52	45	3817	2835	987785	94
2022	7	26	22	52	50	3810	2836	987812	94
2022	7	26	22	52	56	3814	2838	987840	94
2022	7	26	22	53	2	3812	2840	987907	94
2022	7	26	22	53	8	3806	2840	987877	94
2022	7	26	22	53	13	3800	2840	987881	94
2022	7	26	22	53	18	3810	2836	987952	94
2022	7	26	22	53	24	3803	2842	987964	94
2022	7	26	22	53	29	3800	2842	988104	94
2022	7	26	22	53	34	3801	2843	988074	94
2022	7	26	23	8	40	3812	2838	987915	94
2022	7	26	23	8	45	3812	2843	987979	94
2022	7	26	23	8	50	3808	2843	988012	94
2022	7	26	23	8	55	3805	2845	988141	94
2022	7	26	23	9	0	3802	2843	988073	94
2022	7	26	23	9	5	3802	2843	988158	94
2022	7	26	23	9	10	3791	2847	988062	94
2022	7	26	23	9	15	3793	2845	988211	94
2022	7	26	23	9	20	3791	2849	988210	94
2022	7	26	23	9	26	3792	2847	988253	94
2022	7	26	23	9	31	3789	2852	988256	94
2022	7	26	23	9	36	3784	2852	988269	94
2022	7	26	23	24	42	3803	2840	988173	94
2022	7	26	23	24	47	3804	2845	988244	94
2022	7	26	23	24	52	3793	2847	988299	94
2022	7	26	23	24	57	3788	2845	988289	94
2022	7	26	23	25	2	3784	2850	988293	94
2022	7	26	23	25	7	3787	2849	988277	94
2022	7	26	23	25	12	3791	2850	988313	94
2022	7	26	23	25	17	3786	2852	988436	94
2022	7	26	23	25	22	3774	2852	988404	94
2022	7	26	23	25	27	3780	2852	988384	94
2022	7	26	23	25	32	3782	2852	988466	94
2022	7	26	23	25	37	3777	2850	988534	94
2022	7	26	23	40	43	3793	2847	988308	94
2022	7	26	23	40	48	3794	2852	988361	94
2022	7	26	23	40	53	3786	2850	988310	94
2022	7	26	23	40	58	3790	2852	988453	94
2022	7	26	23	41	3	3781	2856	988490	94
2022	7	26	23	41	8	3776	2856	988418	94
2022	7	26	23	41	13	3774	2850	988463	94
2022	7	26	23	41	18	3774	2858	988478	94
2022	7	26	23	41	23	3769	2856	988497	94
2022	7	26	23	41	28	3772	2861	988607	94
2022	7	26	23	41	33	3773	2856	988592	94
2022	7	26	23	41	38	3768	2858	988661	94
2022	7	26	23	56	44	3788	2852	988437	94
2022	7	26	23	56	50	3777	2852	988437	94
2022	7	26	23	56	55	3779	2852	988512	94
2022	7	26	23	57	0	3779	2854	988504	94
2022	7	26	23	57	5	3774	2854	988562	94
2022	7	26	23	57	10	3771	2852	988600	94
2022	7	26	23	57	15	3771	2852	988634	94
2022	7	26	23	57	20	3766	2856	988640	94
2022	7	26	23	57	25	3769	2858	988736	94
2022	7	26	23	57	30	3766	2858	988748	94
2022	7	26	23	57	35	3765	2861	988749	94
2022	7	26	23	57	40	3758	2863	988829	94
2022	7	27	0	12	46	3773	2849	988683	94
2022	7	27	0	12	51	3776	2856	988732	94
2022	7	27	0	12	56	3775	2852	988716	94
2022	7	27	0	13	1	3772	2856	988845	94
2022	7	27	0	13	6	3764	2858	988824	94
2022	7	27	0	13	11	3764	2856	988895	94
2022	7	27	0	13	16	3767	2861	988879	94
2022	7	27	0	13	21	3763	2856	988912	94
2022	7	27	0	13	26	3764	2858	988913	94
2022	7	27	0	13	31	3757	2859	988959	94
2022	7	27	0	13	36	3760	2859	989008	94
2022	7	27	0	13	41	3757	2859	989023	94
2022	7	27	0	28	47	3770	2856	988942	94
2022	7	27	0	28	52	3765	2859	988910	94
2022	7	27	0	28	57	3764	2858	988948	94
2022	7	27	0	29	2	3762	2858	989024	94
2022	7	27	0	29	7	3757	2856	988974	94
2022	7	27	0	29	12	3764	2861	989103	94
2022	7	27	0	29	17	3757	2861	989080	94
2022	7	27	0	29	22	3751	2859	989134	94
2022	7	27	0	29	28	3754	2863	989274	94
2022	7	27	0	29	33	3751	2858	989155	94
2022	7	27	0	29	38	3749	2863	989164	94
2022	7	27	0	29	43	3745	2868	989157	94
2022	7	27	0	44	49	3759	2856	989104	94
2022	7	27	0	44	54	3757	2858	989173	94
2022	7	27	0	44	59	3760	2859	989065	94
2022	7	27	0	45	4	3757	2859	989162	94
2022	7	27	0	45	9	3757	2859	989209	94
2022	7	27	0	45	14	3748	2861	989256	94
2022	7	27	0	45	19	3748	2863	989208	94
2022	7	27	0	45	24	3749	2865	989311	94
2022	7	27	0	45	30	3741	2868	989335	94
2022	7	27	0	45	35	3736	2868	989347	94
2022	7	27	0	45	40	3740	2868	989394	94
2022	7	27	0	45	45	3743	2870	989302	94
2022	7	27	1	0	51	3754	2859	989250	94
2022	7	27	1	0	56	3755	2858	989294	94
2022	7	27	1	1	1	3752	2861	989359	94
2022	7	27	1	1	6	3747	2859	989346	94
2022	7	27	1	1	11	3740	2865	989395	94
2022	7	27	1	1	17	3742	2865	989447	94
2022	7	27	1	1	22	3744	2865	989518	94
2022	7	27	1	1	28	3739	2865	989472	94
2022	7	27	1	1	33	3732	2863	989446	94
2022	7	27	1	1	38	3731	2868	989390	94
2022	7	27	1	1	43	3734	2868	989562	94
2022	7	27	1	1	48	3731	2866	989608	94
2022	7	27	1	16	54	3740	2859	989459	94
2022	7	27	1	17	0	3745	2859	989449	94
2022	7	27	1	17	5	3741	2863	989491	94
2022	7	27	1	17	10	3740	2859	989473	94
2022	7	27	1	17	15	3738	2865	989618	94
2022	7	27	1	17	20	3737	2863	989672	94
2022	7	27	1	17	25	3740	2866	989654	94
2022	7	27	1	17	30	3736	2868	989602	94
2022	7	27	1	17	35	3738	2866	989699	94
2022	7	27	1	17	40	3729	2868	989700	94
2022	7	27	1	17	45	3728	2870	989701	94
2022	7	27	1	17	50	3727	2873	989731	94
2022	7	27	1	32	56	3743	2859	989507	94
2022	7	27	1	33	1	3734	2859	989614	94
2022	7	27	1	33	6	3737	2859	989720	94
2022	7	27	1	33	11	3731	2859	989691	94
2022	7	27	1	33	17	3727	2865	989663	94
2022	7	27	1	33	22	3735	2865	989732	94
2022	7	27	1	33	27	3728	2866	989668	94
2022	7	27	1	33	32	3729	2866	989766	94
2022	7	27	1	33	37	3724	2868	989806	94
2022	7	27	1	33	42	3727	2868	989817	94
2022	7	27	1	33	47	3721	2870	989805	94
2022	7	27	1	33	52	3716	2868	989893	94
2022	7	27	1	48	58	3733	2858	989452	94
2022	7	27	1	49	3	3741	2859	989661	94
2022	7	27	1	49	9	3734	2861	989686	94
2022	7	27	1	49	14	3726	2863	989667	94
2022	7	27	1	49	19	3723	2861	989757	94
2022	7	27	1	49	24	3729	2865	989748	94
2022	7	27	1	49	29	3724	2865	989805	94
2022	7	27	1	49	34	3724	2866	989734	94
2022	7	27	1	49	39	3724	2865	989716	94
2022	7	27	1	49	44	3720	2870	989831	94
2022	7	27	1	49	49	3713	2872	989891	94
2022	7	27	1	49	54	3711	2870	989895	94
2022	7	27	2	5	0	3738	2858	989510	94
2022	7	27	2	5	5	3732	2861	989572	94
2022	7	27	2	5	10	3731	2863	989608	94
2022	7	27	2	5	15	3727	2861	989676	94
2022	7	27	2	5	20	3725	2865	989705	94
2022	7	27	2	5	25	3718	2863	989680	94
2022	7	27	2	5	30	3719	2865	989688	94
2022	7	27	2	5	35	3721	2865	989700	94
2022	7	27	2	5	40	3718	2868	989696	94
2022	7	27	2	5	45	3711	2870	989756	94
2022	7	27	2	5	50	3714	2868	989822	94
2022	7	27	2	5	55	3711	2870	989881	94
2022	7	27	2	21	1	3724	2856	989467	94
2022	7	27	2	21	6	3727	2858	989610	94
2022	7	27	2	21	11	3726	2861	989617	94
2022	7	27	2	21	16	3725	2861	989568	94
2022	7	27	2	21	21	3721	2865	989598	94
2022	7	27	2	21	26	3715	2863	989686	94
2022	7	27	2	21	31	3715	2865	989667	94
2022	7	27	2	21	36	3712	2865	989725	94
2022	7	27	2	21	41	3709	2866	989804	94
2022	7	27	2	21	46	3713	2865	989711	94
2022	7	27	2	21	51	3709	2870	989751	94
2022	7	27	2	21	56	3712	2868	989891	94
2022	7	27	2	37	3	3722	2854	989423	94
2022	7	27	2	37	8	3714	2858	989418	94
2022	7	27	2	37	13	3717	2861	989460	94
2022	7	27	2	37	18	3717	2859	989478	94
2022	7	27	2	37	23	3714	2861	989522	94
2022	7	27	2	37	28	3710	2861	989495	94
2022	7	27	2	37	33	3712	2858	989566	94
2022	7	27	2	37	38	3707	2859	989583	94
2022	7	27	2	37	43	3707	2863	989548	94
2022	7	27	2	37	48	3707	2863	989653	94
2022	7	27	2	37	53	3708	2861	989714	94
2022	7	27	2	37	58	3704	2866	989722	94
2022	7	27	2	53	4	3713	2852	989362	94
2022	7	27	2	53	9	3720	2852	989485	94
2022	7	27	2	53	14	3715	2856	989360	94
2022	7	27	2	53	19	3713	2856	989446	94
2022	7	27	2	53	24	3711	2859	989497	94
2022	7	27	2	53	29	3711	2856	989466	94
2022	7	27	2	53	34	3705	2859	989511	94
2022	7	27	2	53	39	3702	2861	989518	94
2022	7	27	2	53	44	3708	2859	989552	94
2022	7	27	2	53	49	3701	2863	989657	94
2022	7	27	2	53	55	3698	2865	989723	94
2022	7	27	2	54	0	3699	2866	989625	94
2022	7	27	3	9	6	3704	2856	989463	94
2022	7	27	3	9	11	3705	2858	989534	94
2022	7	27	3	9	16	3703	2859	989470	94
2022	7	27	3	9	21	3701	2856	989508	94
2022	7	27	3	9	26	3705	2856	989501	94
2022	7	27	3	9	32	3701	2859	989629	94
2022	7	27	3	9	37	3694	2861	989650	94
2022	7	27	3	9	42	3694	2863	989785	94
2022	7	27	3	9	47	3694	2863	989675	94
2022	7	27	3	9	53	3696	2866	989696	94
2022	7	27	3	9	58	3690	2865	989759	94
2022	7	27	3	10	3	3692	2863	989783	94
2022	7	27	3	25	9	3708	2854	989492	94
2022	7	27	3	25	15	3701	2850	989524	94
2022	7	27	3	25	20	3701	2856	989601	94
2022	7	27	3	25	25	3702	2854	989729	94
2022	7	27	3	25	30	3697	2859	989647	94
2022	7	27	3	25	35	3689	2859	989744	94
2022	7	27	3	25	40	3698	2859	989709	94
2022	7	27	3	25	45	3697	2861	989728	94
2022	7	27	3	25	50	3689	2865	989747	94
2022	7	27	3	25	55	3690	2863	989763	94
2022	7	27	3	26	0	3684	2863	989790	94
2022	7	27	3	26	5	3688	2863	989859	94
2022	7	27	3	41	11	3705	2849	989585	94
2022	7	27	3	41	16	3694	2850	989559	94
2022	7	27	3	41	21	3697	2856	989552	94
2022	7	27	3	41	26	3695	2854	989579	94
2022	7	27	3	41	31	3691	2854	989618	94
2022	7	27	3	41	36	3692	2859	989613	94
2022	7	27	3	41	41	3691	2858	989692	94
2022	7	27	3	41	46	3683	2859	989695	94
2022	7	27	3	41	51	3684	2859	989667	94
2022	7	27	3	41	56	3683	2859	989821	94
2022	7	27	3	42	1	3683	2859	989795	94
2022	7	27	3	42	6	3676	2859	989824	94
2022	7	27	3	57	12	3700	2847	989550	94
2022	7	27	3	57	17	3700	2850	989522	94
2022	7	27	3	57	22	3691	2854	989614	94
2022	7	27	3	57	28	3692	2854	989638	94
2022	7	27	3	57	33	3693	2856	989574	94
2022	7	27	3	57	38	3689	2854	989664	94
2022	7	27	3	57	43	3691	2856	989670	94
2022	7	27	3	57	49	3681	2854	989679	94
2022	7	27	3	57	54	3679	2861	989784	94
2022	7	27	3	57	59	3685	2858	989713	94
2022	7	27	3	58	4	3673	2858	989806	94
2022	7	27	3	58	9	3674	2863	989820	94
2022	7	27	4	13	16	3698	2847	989408	94
2022	7	27	4	13	21	3698	2849	989538	94
2022	7	27	4	13	26	3684	2849	989522	94
2022	7	27	4	13	31	3682	2850	989472	94
2022	7	27	4	13	36	3680	2852	989587	94
2022	7	27	4	13	41	3687	2852	989589	94
2022	7	27	4	13	46	3681	2854	989655	94
2022	7	27	4	13	52	3682	2856	989612	94
2022	7	27	4	13	57	3677	2852	989623	94
2022	7	27	4	14	2	3680	2856	989719	94
2022	7	27	4	14	7	3679	2858	989691	94
2022	7	27	4	14	12	3676	2856	989729	94
2022	7	27	4	29	18	3689	2842	989337	93
2022	7	27	4	29	23	3687	2845	989347	93
2022	7	27	4	29	28	3687	2847	989384	93
2022	7	27	4	29	33	3680	2849	989476	93
2022	7	27	4	29	38	3682	2847	989341	93
2022	7	27	4	29	43	3683	2850	989506	93
2022	7	27	4	29	48	3675	2850	989584	93
2022	7	27	4	29	53	3678	2852	989486	93
2022	7	27	4	29	58	3681	2854	989574	93
2022	7	27	4	30	3	3671	2849	989525	93
2022	7	27	4	30	8	3675	2852	989649	93
2022	7	27	4	30	13	3676	2850	989674	93
2022	7	27	4	45	19	3686	2840	989334	93
2022	7	27	4	45	24	3685	2843	989440	93
2022	7	27	4	45	29	3684	2842	989428	93
2022	7	27	4	45	34	3676	2845	989344	93
2022	7	27	4	45	39	3677	2849	989476	93
2022	7	27	4	45	44	3672	2845	989536	93
2022	7	27	4	45	49	3677	2847	989454	93
2022	7	27	4	45	54	3668	2850	989457	93
2022	7	27	4	45	59	3668	2852	989587	93
2022	7	27	4	46	4	3667	2850	989536	93
2022	7	27	4	46	9	3671	2852	989671	93
2022	7	27	4	46	14	3664	2856	989511	93
2022	7	27	5	1	20	3673	2840	989313	93
2022	7	27	5	1	25	3675	2842	989325	93
2022	7	27	5	1	30	3676	2845	989333	93
2022	7	27	5	1	35	3668	2845	989444	93
2022	7	27	5	1	40	3668	2847	989446	93
2022	7	27	5	1	45	3669	2845	989426	93
2022	7	27	5	1	50	3668	2847	989445	93
2022	7	27	5	1	55	3662	2849	989477	93
2022	7	27	5	2	1	3667	2849	989653	93
2022	7	27	5	2	6	3661	2847	989525	93
2022	7	27	5	2	11	3665	2854	989672	93
2022	7	27	5	2	16	3660	2852	989722	93
2022	7	27	5	17	23	3676	2836	989351	93
2022	7	27	5	17	28	3674	2838	989390	93
2022	7	27	5	17	33	3672	2845	989492	93
2022	7	27	5	17	38	3666	2842	989549	93
2022	7	27	5	17	43	3662	2842	989493	93
2022	7	27	5	17	48	3672	2847	989504	93
2022	7	27	5	17	53	3657	2849	989538	93
2022	7	27	5	17	58	3660	2845	989496	93
2022	7	27	5	18	3	3662	2847	989560	93
2022	7	27	5	18	8	3660	2849	989605	93
2022	7	27	5	18	13	3658	2854	989634	93
2022	7	27	5	18	18	3653	2852	989607	93
2022	7	27	5	33	25	3670	2836	989420	93
2022	7	27	5	33	30	3670	2842	989476	93
2022	7	27	5	33	36	3667	2845	989478	93
2022	7	27	5	33	41	3661	2843	989459	93
2022	7	27	5	33	46	3660	2845	989528	93
2022	7	27	5	33	51	3659	2843	989556	93
2022	7	27	5	33	56	3657	2845	989575	93
2022	7	27	5	34	1	3653	2847	989618	93
2022	7	27	5	34	6	3652	2849	989588	93
2022	7	27	5	34	11	3650	2849	989680	93
2022	7	27	5	34	16	3643	2850	989661	93
2022	7	27	5	34	21	3650	2847	989723	93
2022	7	27	5	49	28	3664	2835	989477	93
2022	7	27	5	49	33	3661	2838	989463	93
2022	7	27	5	49	38	3666	2838	989407	93
2022	7	27	5	49	43	3656	2838	989588	93
2022	7	27	5	49	48	3656	2838	989603	93
2022	7	27	5	49	54	3659	2842	989580	93
2022	7	27	5	49	59	3657	2845	989588	93
2022	7	27	5	50	6	3647	2843	989705	93
2022	7	27	5	50	11	3649	2843	989585	93
2022	7	27	5	50	16	3649	2849	989604	93
2022	7	27	5	50	21	3648	2847	989807	93
2022	7	27	6	5	28	3659	2833	989414	93
2022	7	27	6	5	33	3662	2836	989433	93
2022	7	27	6	5	38	3658	2838	989399	93
2022	7	27	6	5	43	3651	2836	989459	93
2022	7	27	6	5	48	3646	2840	989502	93
2022	7	27	6	5	53	3649	2838	989577	93
2022	7	27	6	5	58	3650	2843	989655	93
2022	7	27	6	6	3	3647	2842	989540	93
2022	7	27	6	6	8	3645	2847	989638	93
2022	7	27	6	6	13	3647	2845	989761	93
2022	7	27	6	6	18	3648	2845	989727	93
2022	7	27	6	6	23	3643	2847	989670	93
2022	7	27	6	21	30	3656	2833	989431	93
2022	7	27	6	21	35	3655	2835	989422	93
2022	7	27	6	21	40	3654	2840	989511	93
2022	7	27	6	21	45	3654	2838	989506	93
2022	7	27	6	21	50	3653	2836	989525	93
2022	7	27	6	21	55	3650	2836	989628	93
2022	7	27	6	22	0	3646	2840	989629	93
2022	7	27	6	22	5	3642	2838	989647	93
2022	7	27	6	22	10	3644	2840	989680	93
2022	7	27	6	22	15	3643	2838	989748	93
2022	7	27	6	22	20	3635	2845	989738	93
2022	7	27	6	22	25	3641	2847	989803	93
2022	7	27	6	37	32	3652	2831	989507	93
2022	7	27	6	37	37	3653	2831	989483	93
2022	7	27	6	37	42	3648	2838	989486	93
2022	7	27	6	37	47	3649	2836	989579	93
2022	7	27	6	37	52	3653	2838	989636	93
2022	7	27	6	37	57	3642	2840	989671	93
2022	7	27	6	38	2	3646	2842	989648	93
2022	7	27	6	38	8	3638	2842	989652	93
2022	7	27	6	38	13	3641	2840	989688	93
2022	7	27	6	38	18	3640	2840	989658	93
2022	7	27	6	38	23	3633	2842	989800	93
2022	7	27	6	38	28	3639	2843	989813	93
2022	7	27	6	53	35	3650	2829	989447	93
2022	7	27	6	53	40	3658	2833	989572	93
2022	7	27	6	53	45	3654	2835	989564	93
2022	7	27	6	53	50	3646	2835	989607	93
2022	7	27	6	53	55	3640	2833	989541	93
2022	7	27	6	54	0	3644	2836	989606	93
2022	7	27	6	54	5	3636	2836	989616	93
2022	7	27	6	54	10	3645	2836	989674	93
2022	7	27	6	54	15	3640	2836	989731	93
2022	7	27	6	54	20	3631	2840	989723	93
2022	7	27	6	54	25	3638	2843	989729	93
2022	7	27	6	54	30	3633	2840	989895	93
2022	7	27	7	9	37	3647	2829	989573	93
2022	7	27	7	9	42	3647	2835	989512	93
2022	7	27	7	9	47	3643	2835	989526	93
2022	7	27	7	9	52	3637	2833	989653	93
2022	7	27	7	9	57	3644	2831	989666	93
2022	7	27	7	10	2	3639	2835	989641	93
2022	7	27	7	10	7	3639	2835	989629	93
2022	7	27	7	10	12	3627	2838	989665	93
2022	7	27	7	10	17	3634	2836	989796	93
2022	7	27	7	10	22	3625	2838	989753	93
2022	7	27	7	10	27	3635	2838	989733	93
2022	7	27	7	10	32	3626	2842	989958	93
2022	7	27	7	25	39	3651	2824	989582	93
2022	7	27	7	25	44	3640	2829	989603	93
2022	7	27	7	25	49	3643	2833	989623	93
2022	7	27	7	25	54	3641	2835	989663	93
2022	7	27	7	25	59	3642	2835	989563	93
2022	7	27	7	26	4	3632	2836	989624	93
2022	7	27	7	26	9	3637	2836	989712	93
2022	7	27	7	26	14	3626	2838	989757	93
2022	7	27	7	26	19	3627	2838	989861	93
2022	7	27	7	26	24	3628	2838	989707	93
2022	7	27	7	26	29	3624	2840	989797	93
2022	7	27	7	26	34	3623	2840	989959	93
2022	7	27	7	41	41	3642	2827	989551	93
2022	7	27	7	41	46	3634	2835	989703	93
2022	7	27	7	41	51	3635	2835	989678	93
2022	7	27	7	41	56	3631	2833	989683	93
2022	7	27	7	42	1	3629	2835	989752	93
2022	7	27	7	42	6	3633	2836	989752	93
2022	7	27	7	42	11	3628	2836	989812	93
2022	7	27	7	42	16	3624	2836	989782	93
2022	7	27	7	42	21	3627	2842	989875	93
2022	7	27	7	42	26	3625	2840	989903	93
2022	7	27	7	42	31	3620	2840	989911	93
2022	7	27	7	42	36	3622	2842	989959	93
2022	7	27	7	57	43	3658	2817	989370	93
2022	7	27	7	57	48	3652	2822	989347	93
2022	7	27	7	57	53	3645	2822	989370	93
2022	7	27	7	57	58	3647	2824	989467	93
2022	7	27	7	58	3	3645	2826	989378	93
2022	7	27	7	58	8	3644	2826	989428	93
2022	7	27	7	58	13	3640	2829	989469	93
2022	7	27	7	58	18	3641	2826	989454	93
2022	7	27	7	58	23	3633	2827	989439	93
2022	7	27	7	58	28	3641	2824	989553	93
2022	7	27	7	58	33	3640	2829	989557	93
2022	7	27	7	58	38	3638	2831	989587	93
2022	7	27	8	13	44	3672	2801	988759	93
2022	7	27	8	13	50	3667	2804	988781	93
2022	7	27	8	13	55	3656	2806	988836	93
2022	7	27	8	14	1	3652	2803	988900	93
2022	7	27	8	14	6	3654	2804	988850	93
2022	7	27	8	14	11	3652	2806	988944	93
2022	7	27	8	14	16	3655	2808	988888	93
2022	7	27	8	14	22	3649	2810	988913	93
2022	7	27	8	14	27	3648	2808	989015	93
2022	7	27	8	14	34	3646	2810	988959	93
2022	7	27	8	14	39	3645	2810	988995	93
2022	7	27	8	29	45	3667	2787	988420	93
2022	7	27	8	29	51	3662	2792	988485	93
2022	7	27	8	29	56	3664	2790	988465	93
2022	7	27	8	30	1	3659	2794	988447	93
2022	7	27	8	30	6	3660	2794	988558	93
2022	7	27	8	30	11	3656	2794	988515	93
2022	7	27	8	30	16	3651	2796	988569	93
2022	7	27	8	30	21	3657	2797	988546	93
2022	7	27	8	30	27	3650	2796	988691	93
2022	7	27	8	30	33	3645	2796	988598	93
2022	7	27	8	30	39	3647	2796	988772	93
2022	7	27	8	45	45	3656	2788	988438	93
2022	7	27	8	45	51	3647	2788	988501	93
2022	7	27	8	45	57	3650	2788	988553	93
2022	7	27	8	46	2	3639	2790	988616	93
2022	7	27	8	46	7	3643	2792	988485	93
2022	7	27	8	46	13	3644	2788	988601	93
2022	7	27	8	46	18	3640	2794	988557	93
2022	7	27	8	46	24	3640	2794	988635	93
2022	7	27	8	46	29	3638	2794	988637	93
2022	7	27	8	46	34	3635	2796	988663	93
2022	7	27	8	46	39	3629	2796	988656	93
2022	7	27	9	1	46	3629	2785	988375	93
2022	7	27	9	1	51	3629	2785	988357	93
2022	7	27	9	1	57	3620	2787	988501	93
2022	7	27	9	2	3	3618	2788	988547	93
2022	7	27	9	2	8	3622	2787	988473	93
2022	7	27	9	2	13	3609	2788	988537	93
2022	7	27	9	2	18	3620	2788	988536	93
2022	7	27	9	2	24	3603	2790	988583	93
2022	7	27	9	2	29	3611	2792	988608	93
2022	7	27	9	2	34	3616	2790	988617	93
2022	7	27	9	2	39	3611	2794	988662	93
2022	7	27	9	17	47	3615	2778	988283	93
2022	7	27	9	17	53	3617	2776	988357	93
2022	7	27	9	17	58	3611	2783	988347	93
2022	7	27	9	18	3	3606	2783	988362	93
2022	7	27	9	18	9	3604	2781	988457	93
2022	7	27	9	18	14	3598	2783	988325	93
2022	7	27	9	18	19	3603	2783	988439	93
2022	7	27	9	18	24	3597	2785	988405	93
2022	7	27	9	18	30	3593	2785	988497	93
2022	7	27	9	18	35	3602	2788	988530	93
2022	7	27	9	18	40	3594	2787	988595	93
2022	7	27	9	33	47	3611	2765	988074	93
2022	7	27	9	33	52	3621	2767	988198	93
2022	7	27	9	33	57	3610	2771	988236	93
2022	7	27	9	34	2	3603	2774	988272	93
2022	7	27	9	34	9	3600	2773	988241	93
2022	7	27	9	34	14	3600	2776	988333	93
2022	7	27	9	34	19	3599	2773	988338	93
2022	7	27	9	34	24	3593	2776	988319	93
2022	7	27	9	34	29	3600	2778	988366	93
2022	7	27	9	34	34	3589	2776	988371	93
2022	7	27	9	34	40	3595	2776	988418	93
2022	7	27	9	49	46	3602	2762	988078	93
2022	7	27	9	49	52	3598	2764	988126	93
2022	7	27	9	49	57	3596	2767	988111	93
2022	7	27	9	50	2	3594	2765	988205	93
2022	7	27	9	50	7	3594	2767	988183	93
2022	7	27	9	50	12	3590	2767	988162	93
2022	7	27	9	50	17	3592	2771	988320	93
2022	7	27	9	50	22	3595	2769	988186	93
2022	7	27	9	50	27	3587	2771	988228	93
2022	7	27	9	50	33	3585	2773	988299	93
2022	7	27	9	50	39	3589	2773	988387	93
2022	7	27	9	50	44	3577	2774	988452	93
2022	7	27	10	5	51	3609	2750	987866	93
2022	7	27	10	5	57	3609	2755	987938	93
2022	7	27	10	6	2	3611	2755	987967	93
2022	7	27	10	6	8	3608	2757	987911	93
2022	7	27	10	6	14	3606	2755	987974	93
2022	7	27	10	6	20	3595	2758	988042	93
2022	7	27	10	6	26	3602	2758	988028	93
2022	7	27	10	6	33	3601	2760	988076	93
2022	7	27	10	6	38	3595	2758	988154	93
2022	7	27	10	6	44	3602	2760	988197	93
2022	7	27	10	21	51	3619	2739	987632	93
2022	7	27	10	21	57	3615	2741	987648	93
2022	7	27	10	22	3	3618	2742	987755	93
2022	7	27	10	22	9	3613	2744	987820	93
2022	7	27	10	22	14	3616	2742	987826	93
2022	7	27	10	22	20	3605	2744	987863	93
2022	7	27	10	22	25	3612	2750	987751	93
2022	7	27	10	22	30	3605	2746	987826	93
2022	7	27	10	22	35	3609	2748	987884	93
2022	7	27	10	22	40	3602	2750	987926	93
2022	7	27	10	22	47	3603	2748	988004	93
2022	7	27	10	37	55	3621	2735	987517	93
2022	7	27	10	38	1	3613	2735	987498	93
2022	7	27	10	38	6	3613	2735	987603	93
2022	7	27	10	38	11	3606	2735	987706	93
2022	7	27	10	38	16	3617	2735	987687	93
2022	7	27	10	38	21	3607	2741	987753	93
2022	7	27	10	38	27	3604	2739	987677	93
2022	7	27	10	38	33	3608	2741	987791	93
2022	7	27	10	38	38	3604	2739	987782	93
2022	7	27	10	38	45	3605	2742	987816	93
2022	7	27	10	38	50	3593	2742	987828	93
2022	7	27	10	53	56	3613	2723	987539	93
2022	7	27	10	54	1	3609	2728	987584	93
2022	7	27	10	54	7	3600	2726	987656	93
2022	7	27	10	54	12	3600	2728	987580	93
2022	7	27	10	54	18	3603	2734	987689	93
2022	7	27	10	54	23	3603	2732	987708	93
2022	7	27	10	54	29	3600	2735	987749	93
2022	7	27	10	54	36	3592	2732	987717	93
2022	7	27	10	54	41	3594	2734	987806	93
2022	7	27	10	54	47	3588	2734	987776	93
2022	7	27	10	54	52	3596	2734	987784	93
2022	7	27	11	9	58	3606	2716	987497	93
2022	7	27	11	10	4	3605	2721	987554	93
2022	7	27	11	10	10	3606	2725	987645	93
2022	7	27	11	10	15	3595	2723	987659	93
2022	7	27	11	10	20	3597	2725	987646	93
2022	7	27	11	10	25	3589	2728	987605	93
2022	7	27	11	10	30	3588	2732	987787	93
2022	7	27	11	10	36	3583	2730	987680	93
2022	7	27	11	10	42	3585	2734	987642	93
2022	7	27	11	10	48	3588	2734	987791	93
2022	7	27	11	10	53	3584	2732	987755	93
2022	7	27	11	25	59	3598	2712	987536	93
2022	7	27	11	26	4	3597	2716	987554	93
2022	7	27	11	26	11	3595	2718	987563	93
2022	7	27	11	26	17	3591	2719	987590	93
2022	7	27	11	26	22	3593	2721	987531	93
2022	7	27	11	26	27	3587	2721	987680	93
2022	7	27	11	26	33	3587	2723	987638	93
2022	7	27	11	26	38	3587	2721	987707	93
2022	7	27	11	26	44	3582	2723	987860	93
2022	7	27	11	26	49	3583	2721	987792	93
2022	7	27	11	26	56	3576	2726	987831	93
2022	7	27	11	42	3	3593	2714	987514	92
2022	7	27	11	42	8	3597	2716	987593	92
2022	7	27	11	42	14	3590	2716	987600	92
2022	7	27	11	42	19	3587	2714	987688	92
2022	7	27	11	42	24	3583	2712	987694	92
2022	7	27	11	42	30	3579	2718	987653	92
2022	7	27	11	42	35	3581	2719	987689	92
2022	7	27	11	42	41	3579	2725	987749	92
2022	7	27	11	42	46	3579	2719	987788	92
2022	7	27	11	42	53	3574	2721	987869	92
2022	7	27	11	42	58	3574	2723	987806	92
2022	7	27	11	58	5	3599	2714	987697	92
2022	7	27	11	58	10	3595	2712	987688	92
2022	7	27	11	58	15	3588	2714	987674	92
2022	7	27	11	58	21	3590	2714	987725	92
2022	7	27	11	58	26	3585	2712	987755	92
2022	7	27	11	58	32	3582	2714	987738	92
2022	7	27	11	58	37	3573	2716	987880	92
2022	7	27	11	58	42	3581	2718	987837	92
2022	7	27	11	58	48	3577	2716	987870	92
2022	7	27	11	58	54	3578	2719	987846	92
2022	7	27	11	58	59	3574	2719	987884	92
2022	7	27	12	14	7	3593	2711	987737	92
2022	7	27	12	14	13	3577	2711	987761	92
2022	7	27	12	14	19	3582	2712	987743	92
2022	7	27	12	14	25	3578	2714	987864	92
2022	7	27	12	14	30	3580	2714	987907	92
2022	7	27	12	14	35	3583	2714	987925	92
2022	7	27	12	14	40	3571	2716	987921	92
2022	7	27	12	14	45	3579	2716	987988	92
2022	7	27	12	14	50	3572	2714	987966	92
2022	7	27	12	14	57	3568	2718	988050	92
2022	7	27	12	15	4	3566	2718	988092	92
2022	7	27	12	30	10	3575	2705	987828	92
2022	7	27	12	30	15	3577	2709	987868	92
2022	7	27	12	30	20	3571	2709	987931	92
2022	7	27	12	30	27	3573	2712	987938	92
2022	7	27	12	30	33	3573	2711	987972	92
2022	7	27	12	30	38	3569	2712	987986	92
2022	7	27	12	30	43	3571	2716	988002	92
2022	7	27	12	30	48	3563	2716	987985	92
2022	7	27	12	30	53	3565	2719	988043	92
2022	7	27	12	30	58	3564	2718	988126	92
2022	7	27	12	31	4	3559	2716	988082	92
2022	7	27	12	46	11	3575	2703	987805	92
2022	7	27	12	46	17	3573	2702	987904	92
2022	7	27	12	46	22	3573	2705	987875	92
2022	7	27	12	46	29	3576	2707	988026	92
2022	7	27	12	46	34	3569	2709	987953	92
2022	7	27	12	46	39	3560	2711	987994	92
2022	7	27	12	46	44	3569	2709	987931	92
2022	7	27	12	46	49	3568	2711	988082	92
2022	7	27	12	46	56	3566	2714	988004	92
2022	7	27	12	47	2	3565	2714	988163	92
2022	7	27	12	47	7	3563	2718	988205	92
2022	7	27	13	2	15	3577	2702	987805	92
2022	7	27	13	2	20	3578	2702	987889	92
2022	7	27	13	2	25	3570	2702	987823	92
2022	7	27	13	2	30	3567	2702	987919	92
2022	7	27	13	2	35	3565	2702	987921	92
2022	7	27	13	2	41	3567	2707	987924	92
2022	7	27	13	2	48	3562	2705	988071	92
2022	7	27	13	2	53	3566	2705	987989	92
2022	7	27	13	2	58	3557	2711	988034	92
2022	7	27	13	3	3	3553	2707	987997	92
2022	7	27	13	3	8	3559	2707	988106	92
2022	7	27	13	18	15	3577	2696	987840	92
2022	7	27	13	18	21	3571	2696	987829	92
2022	7	27	13	18	26	3566	2698	987988	92
2022	7	27	13	18	31	3563	2698	987975	92
2022	7	27	13	18	36	3555	2700	987990	92
2022	7	27	13	18	41	3564	2700	987965	92
2022	7	27	13	18	46	3554	2705	988008	92
2022	7	27	13	18	51	3553	2702	987958	92
2022	7	27	13	18	56	3559	2703	987993	92
2022	7	27	13	19	3	3557	2705	988069	92
2022	7	27	13	19	8	3555	2705	988090	92
2022	7	27	13	19	13	3554	2707	988169	92
2022	7	27	13	34	19	3567	2693	987684	92
2022	7	27	13	34	25	3569	2695	987863	92
2022	7	27	13	34	30	3562	2696	987814	92
2022	7	27	13	34	35	3563	2695	987942	92
2022	7	27	13	34	40	3556	2696	987941	92
2022	7	27	13	34	45	3556	2700	987975	92
2022	7	27	13	34	51	3559	2696	988005	92
2022	7	27	13	34	56	3553	2702	988046	92
2022	7	27	13	35	2	3554	2698	987997	92
2022	7	27	13	35	7	3553	2702	988010	92
2022	7	27	13	35	13	3544	2700	988018	92
2022	7	27	13	50	19	3568	2689	987847	92
2022	7	27	13	50	25	3563	2691	987873	92
2022	7	27	13	50	30	3560	2695	987950	92
2022	7	27	13	50	35	3560	2696	987928	92
2022	7	27	13	50	41	3554	2696	987833	92
2022	7	27	13	50	46	3552	2696	987959	92
2022	7	27	13	50	51	3550	2695	988058	92
2022	7	27	13	50	57	3549	2696	987970	92
2022	7	27	13	51	2	3547	2695	988078	92
2022	7	27	13	51	8	3547	2700	988124	92
2022	7	27	13	51	13	3547	2695	988178	92
2022	7	27	14	6	19	3555	2684	987886	92
2022	7	27	14	6	26	3552	2686	988004	92
2022	7	27	14	6	31	3561	2691	987945	92
2022	7	27	14	6	36	3551	2691	987923	92
2022	7	27	14	6	41	3548	2691	987994	92
2022	7	27	14	6	46	3547	2691	987957	92
2022	7	27	14	6	52	3542	2695	988045	92
2022	7	27	14	6	57	3555	2695	988012	92
2022	7	27	14	7	2	3543	2698	988061	92
2022	7	27	14	7	8	3537	2693	988081	92
2022	7	27	14	7	13	3540	2696	988199	92
2022	7	27	14	22	19	3554	2686	987990	92
2022	7	27	14	22	25	3552	2686	987877	92
2022	7	27	14	22	30	3547	2688	987995	92
2022	7	27	14	22	36	3543	2693	987942	92
2022	7	27	14	22	41	3552	2693	987971	92
2022	7	27	14	22	46	3543	2691	988002	92
2022	7	27	14	22	51	3537	2691	988129	92
2022	7	27	14	22	56	3532	2693	988094	92
2022	7	27	14	23	2	3540	2695	988155	92
2022	7	27	14	23	8	3538	2695	988170	92
2022	7	27	14	23	13	3531	2693	988184	92
2022	7	27	14	38	20	3544	2682	987967	92
2022	7	27	14	38	25	3546	2686	988093	92
2022	7	27	14	38	31	3540	2688	988017	92
2022	7	27	14	38	36	3545	2689	988040	92
2022	7	27	14	38	41	3545	2689	988030	92
2022	7	27	14	38	46	3536	2696	988122	92
2022	7	27	14	38	51	3536	2691	988117	92
2022	7	27	14	38	56	3531	2693	988175	92
2022	7	27	14	39	2	3530	2696	988192	92
2022	7	27	14	39	7	3528	2698	988160	92
2022	7	27	14	39	12	3529	2695	988230	92
2022	7	27	15	10	19	5489	2728	993239	92
2022	7	27	15	10	26	5569	2737	993345	92
2022	7	27	15	10	32	5579	2739	993417	92
2022	7	27	15	10	37	5619	2739	993531	92
2022	7	27	15	10	42	5640	2737	993633	92
2022	7	27	15	10	48	5670	2739	993727	92
2022	7	27	15	10	53	5625	2741	993778	92
2022	7	27	15	10	59	5709	2744	993809	92
2022	7	27	15	11	4	5711	2739	993884	92
2022	7	27	15	11	9	5721	2741	994039	92
2022	7	27	15	11	14	5681	2744	994136	92
2022	7	27	15	26	22	6555	2757	998515	92
2022	7	27	15	26	29	6552	2760	998644	92
2022	7	27	15	26	34	6534	2765	998573	92
2022	7	27	15	26	39	6519	2765	998688	92
2022	7	27	15	26	44	6526	2762	998732	92
2022	7	27	15	26	49	6543	2765	998662	92
2022	7	27	15	26	54	6553	2767	998680	92
2022	7	27	15	27	0	6566	2767	998725	92
2022	7	27	15	27	5	6551	2769	998689	92
2022	7	27	15	27	10	6563	2773	998845	92
2022	7	27	15	27	15	6576	2767	998886	92
2022	7	27	15	42	22	6720	2762	998375	92
2022	7	27	15	42	27	6704	2762	998382	92
2022	7	27	15	42	33	6701	2767	998476	92
2022	7	27	15	42	38	6694	2767	998517	92
2022	7	27	15	42	43	6687	2767	998540	92
2022	7	27	15	42	49	6673	2769	998623	92
2022	7	27	15	42	54	6664	2769	998536	92
2022	7	27	15	43	0	6640	2767	998552	92
2022	7	27	15	43	6	6643	2769	998618	92
2022	7	27	15	43	11	6631	2769	998611	92
2022	7	27	15	43	17	6628	2771	998595	92
2022	7	27	16	46	23	4694	2719	989468	92
2022	7	27	16	46	28	4686	2723	989500	92
2022	7	27	16	46	33	4684	2721	989545	92
2022	7	27	16	46	38	4678	2725	989574	92
2022	7	27	16	46	44	4683	2728	989615	92
2022	7	27	16	46	49	4673	2728	989620	92
2022	7	27	16	46	54	4671	2730	989656	92
2022	7	27	16	46	59	4669	2728	989606	92
2022	7	27	16	47	4	4661	2730	989769	92
2022	7	27	16	47	9	4663	2730	989731	92
2022	7	27	16	47	14	4661	2732	989694	92
2022	7	27	16	47	19	4656	2734	989782	92
2022	7	27	17	2	25	6627	2765	995770	92
2022	7	27	17	2	30	6625	2765	995866	92
2022	7	27	17	2	35	6630	2769	995947	92
2022	7	27	17	2	40	6632	2769	995929	92
2022	7	27	17	2	45	6627	2767	995868	92
2022	7	27	17	2	50	6630	2767	995998	92
2022	7	27	17	2	55	6632	2765	995862	92
2022	7	27	17	3	0	6625	2769	995983	92
2022	7	27	17	3	5	6617	2769	995986	92
2022	7	27	17	3	12	6610	2773	996088	92
2022	7	27	17	3	17	6591	2774	996120	92
2022	7	27	17	3	22	6599	2771	996057	92
2022	7	27	17	18	29	6814	2750	994885	92
2022	7	27	17	18	34	6821	2751	994785	92
2022	7	27	17	18	40	6800	2755	994845	92
2022	7	27	17	18	45	6796	2755	994999	92
2022	7	27	17	18	50	6778	2751	994916	92
2022	7	27	17	18	55	6761	2751	994918	92
2022	7	27	17	19	0	6752	2753	995080	92
2022	7	27	17	19	5	6739	2755	994949	92
2022	7	27	17	19	10	6754	2753	995065	92
2022	7	27	17	19	16	6759	2753	995154	92
2022	7	27	17	19	21	6771	2753	994978	92
2022	7	27	17	19	26	6748	2757	995073	92
2022	7	27	17	34	32	6181	2739	993346	92
2022	7	27	17	34	37	6161	2739	993328	92
2022	7	27	17	34	45	6147	2741	993335	92
2022	7	27	17	34	50	6141	2742	993229	92
2022	7	27	17	34	55	6122	2746	993329	92
2022	7	27	17	35	0	6114	2748	993362	92
2022	7	27	17	35	5	6110	2746	993325	92
2022	7	27	17	35	10	6100	2750	993435	92
2022	7	27	17	35	16	6097	2746	993318	92
2022	7	27	17	35	21	6087	2748	993388	92
2022	7	27	17	35	26	6076	2751	993371	92
2022	7	27	17	50	32	5455	2730	990210	92
2022	7	27	17	50	38	5446	2732	990361	92
2022	7	27	17	50	43	5440	2735	990306	92
2022	7	27	17	50	49	5425	2735	990403	92
2022	7	27	17	50	54	5416	2735	990357	92
2022	7	27	17	50	59	5421	2741	990372	92
2022	7	27	17	51	5	5404	2739	990412	92
2022	7	27	17	51	10	5406	2739	990387	92
2022	7	27	17	51	15	5394	2742	990410	92
2022	7	27	17	51	20	5392	2742	990491	92
2022	7	27	17	51	26	5384	2742	990449	92
2022	7	27	18	6	32	5536	2723	989489	92
2022	7	27	18	6	39	5522	2732	989491	92
2022	7	27	18	6	44	5519	2730	989542	92
2022	7	27	18	6	49	5509	2732	989589	92
2022	7	27	18	6	54	5491	2732	989646	92
2022	7	27	18	6	59	5485	2730	989786	92
2022	7	27	18	7	4	5476	2734	989683	92
2022	7	27	18	7	9	5467	2732	989726	92
2022	7	27	18	7	14	5458	2734	989736	92
2022	7	27	18	7	19	5455	2734	989758	92
2022	7	27	18	7	24	5445	2734	989824	92
2022	7	27	18	7	29	5438	2735	989765	92
2022	7	27	18	22	36	5010	2711	987884	92
2022	7	27	18	22	41	5007	2714	987912	92
2022	7	27	18	22	46	4992	2712	988025	92
2022	7	27	18	22	51	4992	2714	987955	92
2022	7	27	18	22	56	4987	2714	988031	92
2022	7	27	18	23	1	4983	2721	987968	92
2022	7	27	18	23	6	4976	2716	988048	92
2022	7	27	18	23	12	4975	2719	988062	92
2022	7	27	18	23	17	4969	2718	988063	92
2022	7	27	18	23	22	4968	2716	988177	92
2022	7	27	18	23	27	4963	2718	988175	92
2022	7	27	18	23	33	4957	2721	988096	92
2022	7	27	18	38	40	4761	2702	986835	91
2022	7	27	18	38	45	4760	2703	986896	91
2022	7	27	18	38	50	4752	2703	986854	91
2022	7	27	18	38	55	4753	2705	986888	91
2022	7	27	18	39	0	4740	2707	986927	91
2022	7	27	18	39	5	4741	2709	986897	91
2022	7	27	18	39	10	4743	2707	986972	91
2022	7	27	18	39	15	4731	2709	986949	91
2022	7	27	18	39	20	4739	2711	986980	91
2022	7	27	18	39	25	4735	2711	987002	91
2022	7	27	18	39	30	4726	2712	987116	91
2022	7	27	18	39	35	4728	2712	987082	91
2022	7	27	18	54	42	4621	2698	986091	91
2022	7	27	18	54	47	4621	2700	986203	91
2022	7	27	18	54	52	4616	2703	986165	91
2022	7	27	18	54	57	4609	2700	986345	91
2022	7	27	18	55	2	4606	2703	986316	91
2022	7	27	18	55	7	4613	2705	986290	91
2022	7	27	18	55	13	4597	2703	986421	91
2022	7	27	18	55	18	4600	2705	986334	91
2022	7	27	18	55	23	4594	2707	986398	91
2022	7	27	18	55	29	4594	2705	986360	91
2022	7	27	18	55	34	4586	2709	986475	91
2022	7	27	18	55	39	4589	2707	986482	91
2022	7	27	19	10	46	4526	2695	986086	91
2022	7	27	19	10	51	4527	2703	986056	91
2022	7	27	19	10	56	4527	2703	986155	91
2022	7	27	19	11	1	4521	2703	986203	91
2022	7	27	19	11	6	4515	2703	986204	91
2022	7	27	19	11	11	4513	2703	986236	91
2022	7	27	19	11	17	4506	2707	986334	91
2022	7	27	19	11	22	4503	2707	986299	91
2022	7	27	19	11	27	4509	2709	986379	91
2022	7	27	19	11	32	4499	2709	986385	91
2022	7	27	19	11	37	4502	2712	986395	91
2022	7	27	19	11	42	4493	2709	986421	91
2022	7	27	19	26	49	4442	2698	985998	91
2022	7	27	19	26	54	4444	2705	986082	91
2022	7	27	19	26	59	4431	2705	986206	91
2022	7	27	19	27	4	4432	2707	986194	91
2022	7	27	19	27	9	4428	2707	986180	91
2022	7	27	19	27	14	4425	2703	986204	91
2022	7	27	19	27	19	4422	2709	986225	91
2022	7	27	19	27	24	4424	2709	986244	91
2022	7	27	19	27	29	4420	2705	986197	91
2022	7	27	19	27	34	4410	2714	986350	91
2022	7	27	19	27	39	4417	2711	986348	91
2022	7	27	19	27	44	4417	2711	986409	91
2022	7	27	19	42	51	4393	2702	986028	91
2022	7	27	19	42	56	4390	2703	986087	91
2022	7	27	19	43	2	4385	2705	986117	91
2022	7	27	19	43	7	4385	2707	986067	91
2022	7	27	19	43	12	4373	2709	986173	91
2022	7	27	19	43	17	4376	2711	986167	91
2022	7	27	19	43	22	4371	2709	986181	91
2022	7	27	19	43	27	4369	2711	986235	91
2022	7	27	19	43	32	4373	2712	986230	91
2022	7	27	19	43	37	4369	2712	986240	91
2022	7	27	19	43	42	4367	2709	986317	91
2022	7	27	19	43	47	4360	2716	986328	91
2022	7	27	19	58	54	4350	2696	985867	91
2022	7	27	19	58	59	4348	2702	985952	91
2022	7	27	19	59	4	4350	2703	985912	91
2022	7	27	19	59	9	4346	2705	985954	91
2022	7	27	19	59	14	4342	2702	985923	91
2022	7	27	19	59	19	4340	2709	986087	91
2022	7	27	19	59	24	4345	2709	986035	91
2022	7	27	19	59	29	4339	2709	986124	91
2022	7	27	19	59	34	4336	2709	986163	91
2022	7	27	19	59	39	4333	2703	986185	91
2022	7	27	19	59	44	4333	2707	986074	91
2022	7	27	19	59	49	4331	2707	986205	91
2022	7	27	20	14	56	4336	2693	985778	91
2022	7	27	20	15	1	4330	2695	985857	91
2022	7	27	20	15	6	4325	2695	985885	91
2022	7	27	20	15	11	4321	2698	985926	91
2022	7	27	20	15	16	4321	2700	985914	91
2022	7	27	20	15	22	4318	2696	985864	91
2022	7	27	20	15	27	4312	2700	985909	91
2022	7	27	20	15	32	4317	2700	986010	91
2022	7	27	20	15	38	4312	2703	985941	91
2022	7	27	20	15	43	4307	2700	985996	91
2022	7	27	20	15	48	4309	2702	986050	91
2022	7	27	20	15	53	4305	2705	986083	91
2022	7	27	20	31	0	4312	2686	985710	91
2022	7	27	20	31	5	4311	2691	985718	91
2022	7	27	20	31	10	4303	2691	985783	91
2022	7	27	20	31	15	4306	2691	985725	91
2022	7	27	20	31	20	4302	2693	985777	91
2022	7	27	20	31	25	4299	2693	985791	91
2022	7	27	20	31	30	4292	2691	985839	91
2022	7	27	20	31	35	4297	2696	985792	91
2022	7	27	20	31	40	4288	2696	985923	91
2022	7	27	20	31	45	4290	2696	985825	91
2022	7	27	20	31	50	4290	2700	985951	91
2022	7	27	20	31	57	4288	2698	985950	91
2022	7	27	20	47	3	4291	2688	985897	91
2022	7	27	20	47	9	4281	2691	985902	91
2022	7	27	20	47	14	4285	2691	985930	91
2022	7	27	20	47	19	4282	2693	985997	91
2022	7	27	20	47	24	4281	2696	986128	91
2022	7	27	20	47	29	4271	2695	986010	91
2022	7	27	20	47	34	4264	2696	986142	91
2022	7	27	20	47	39	4267	2698	986057	91
2022	7	27	20	47	44	4267	2698	986153	91
2022	7	27	20	47	49	4267	2698	986136	91
2022	7	27	20	47	54	4264	2700	986112	91
2022	7	27	20	47	59	4263	2700	986191	91
2022	7	27	21	3	6	4264	2698	986361	91
2022	7	27	21	3	11	4271	2698	986413	91
2022	7	27	21	3	16	4264	2700	986490	91
2022	7	27	21	3	21	4259	2703	986525	91
2022	7	27	21	3	26	4258	2703	986434	91
2022	7	27	21	3	31	4258	2705	986600	91
2022	7	27	21	3	36	4255	2707	986608	91
2022	7	27	21	3	41	4251	2705	986678	91
2022	7	27	21	3	47	4250	2707	986591	91
2022	7	27	21	3	53	4245	2709	986685	91
2022	7	27	21	3	58	4241	2709	986766	91
2022	7	27	21	4	3	4243	2709	986722	91
2022	7	27	21	19	10	4264	2707	986857	91
2022	7	27	21	19	15	4241	2711	986938	91
2022	7	27	21	19	20	4242	2712	986880	91
2022	7	27	21	19	26	4242	2712	986947	91
2022	7	27	21	19	31	4238	2712	986948	91
2022	7	27	21	19	36	4242	2714	986965	91
2022	7	27	21	19	42	4234	2716	987159	91
2022	7	27	21	19	47	4231	2712	987083	91
2022	7	27	21	19	52	4229	2716	987010	91
2022	7	27	21	19	57	4231	2718	987243	91
2022	7	27	21	20	2	4224	2719	987131	91
2022	7	27	21	20	8	4225	2719	987187	91
2022	7	27	21	35	15	4233	2714	987259	91
2022	7	27	21	35	20	4228	2718	987349	91
2022	7	27	21	35	25	4221	2721	987362	91
2022	7	27	21	35	30	4221	2718	987395	91
2022	7	27	21	35	35	4221	2721	987357	91
2022	7	27	21	35	40	4215	2718	987382	91
2022	7	27	21	35	45	4218	2725	987429	91
2022	7	27	21	35	50	4213	2723	987526	91
2022	7	27	21	35	55	4212	2721	987502	91
2022	7	27	21	36	0	4209	2723	987551	91
2022	7	27	21	36	6	4214	2726	987628	91
2022	7	27	21	36	11	4208	2728	987553	91
2022	7	27	21	51	17	4214	2723	987606	91
2022	7	27	21	51	23	4217	2728	987714	91
2022	7	27	21	51	28	4209	2732	987777	91
2022	7	27	21	51	33	4215	2728	987802	91
2022	7	27	21	51	39	4205	2728	987812	91
2022	7	27	21	51	44	4202	2730	987771	91
2022	7	27	21	51	49	4200	2734	987845	91
2022	7	27	21	51	54	4200	2734	987899	91
2022	7	27	21	51	59	4191	2732	987847	91
2022	7	27	21	52	4	4190	2735	987923	91
2022	7	27	21	52	9	4194	2734	987857	91
2022	7	27	21	52	14	4186	2737	987977	91
2022	7	27	22	7	20	4197	2730	987984	91
2022	7	27	22	7	26	4198	2735	987943	91
2022	7	27	22	7	31	4190	2735	988018	91
2022	7	27	22	7	36	4195	2732	988036	91
2022	7	27	22	7	41	4190	2739	988086	91
2022	7	27	22	7	46	4186	2739	988088	91
2022	7	27	22	7	51	4184	2737	988244	91
2022	7	27	22	7	56	4190	2741	988203	91
2022	7	27	22	8	1	4184	2737	988234	91
2022	7	27	22	8	6	4185	2741	988288	91
2022	7	27	22	8	11	4178	2741	988240	91
2022	7	27	22	8	16	4180	2742	988315	91
2022	7	27	22	23	22	4181	2735	988335	91
2022	7	27	22	23	28	4180	2742	988317	91
2022	7	27	22	23	33	4180	2742	988443	91
2022	7	27	22	23	38	4184	2742	988456	91
2022	7	27	22	23	43	4169	2744	988389	91
2022	7	27	22	23	48	4180	2741	988448	91
2022	7	27	22	23	53	4169	2742	988473	91
2022	7	27	22	23	58	4173	2746	988482	91
2022	7	27	22	24	3	4163	2742	988580	91
2022	7	27	22	24	8	4168	2748	988508	91
2022	7	27	22	24	13	4160	2746	988632	91
2022	7	27	22	24	18	4169	2750	988626	91
2022	7	27	22	39	25	4173	2744	988563	91
2022	7	27	22	39	30	4168	2744	988603	91
2022	7	27	22	39	36	4163	2748	988658	91
2022	7	27	22	39	41	4164	2748	988718	91
2022	7	27	22	39	46	4160	2748	988731	91
2022	7	27	22	39	51	4161	2751	988677	91
2022	7	27	22	39	56	4153	2751	988794	91
2022	7	27	22	40	1	4154	2750	988780	91
2022	7	27	22	40	6	4151	2751	988872	91
2022	7	27	22	40	11	4154	2751	988738	91
2022	7	27	22	40	16	4147	2751	988871	91
2022	7	27	22	40	22	4149	2755	988966	91
2022	7	27	22	55	28	4157	2748	988813	91
2022	7	27	22	55	34	4150	2753	988839	91
2022	7	27	22	55	39	4153	2751	988940	91
2022	7	27	22	55	44	4150	2755	988941	91
2022	7	27	22	55	49	4148	2751	989022	91
2022	7	27	22	55	54	4142	2753	988980	91
2022	7	27	22	55	59	4134	2757	989091	91
2022	7	27	22	56	4	4134	2755	989116	91
2022	7	27	22	56	9	4138	2755	989030	91
2022	7	27	22	56	14	4137	2760	989131	91
2022	7	27	22	56	19	4133	2760	989128	91
2022	7	27	22	56	24	4129	2758	989140	91
2022	7	27	23	11	30	4150	2750	989088	91
2022	7	27	23	11	35	4144	2753	989151	91
2022	7	27	23	11	40	4146	2755	989072	91
2022	7	27	23	11	45	4136	2755	989080	91
2022	7	27	23	11	50	4135	2762	989166	91
2022	7	27	23	11	55	4131	2760	989272	91
2022	7	27	23	12	0	4135	2760	989281	91
2022	7	27	23	12	5	4128	2762	989249	91
2022	7	27	23	12	10	4123	2760	989308	91
2022	7	27	23	12	15	4122	2762	989267	91
2022	7	27	23	12	20	4123	2762	989333	91
2022	7	27	23	12	26	4123	2765	989304	91
2022	7	27	23	27	32	4136	2753	989213	91
2022	7	27	23	27	38	4130	2760	989293	91
2022	7	27	23	27	43	4128	2760	989361	91
2022	7	27	23	27	48	4125	2762	989307	91
2022	7	27	23	27	53	4116	2765	989357	91
2022	7	27	23	27	58	4118	2764	989445	91
2022	7	27	23	28	3	4112	2765	989527	91
2022	7	27	23	28	8	4115	2762	989498	91
2022	7	27	23	28	13	4112	2765	989567	91
2022	7	27	23	28	18	4118	2767	989516	91
2022	7	27	23	28	23	4113	2769	989573	91
2022	7	27	23	28	28	4108	2767	989553	91
2022	7	27	23	43	34	4121	2762	989439	91
2022	7	27	23	43	40	4118	2762	989505	91
2022	7	27	23	43	45	4116	2764	989517	91
2022	7	27	23	43	50	4112	2764	989525	91
2022	7	27	23	43	55	4112	2769	989554	91
2022	7	27	23	44	0	4112	2767	989642	91
2022	7	27	23	44	5	4109	2767	989613	91
2022	7	27	23	44	10	4107	2767	989698	91
2022	7	27	23	44	15	4101	2767	989739	91
2022	7	27	23	44	20	4100	2773	989707	91
2022	7	27	23	44	25	4099	2769	989740	91
2022	7	27	23	44	30	4100	2769	989718	91
2022	7	27	23	59	36	4110	2760	989606	91
2022	7	27	23	59	42	4103	2767	989750	91
2022	7	27	23	59	47	4103	2767	989697	91
2022	7	27	23	59	52	4102	2767	989747	91
2022	7	27	23	59	57	4106	2771	989748	91
2022	7	28	0	0	2	4098	2773	989734	91
2022	7	28	0	0	7	4099	2771	989823	91
2022	7	28	0	0	12	4091	2773	989898	91
2022	7	28	0	0	17	4099	2773	989832	91
2022	7	28	0	0	22	4093	2773	989892	91
2022	7	28	0	0	27	4092	2773	989938	91
2022	7	28	0	0	32	4083	2774	989974	91
2022	7	28	0	15	38	4105	2767	989816	91
2022	7	28	0	15	43	4101	2765	989766	91
2022	7	28	0	15	48	4096	2769	989875	91
2022	7	28	0	15	53	4096	2771	989868	91
2022	7	28	0	15	58	4096	2771	989869	91
2022	7	28	0	16	3	4094	2773	989941	91
2022	7	28	0	16	8	4089	2773	990013	91
2022	7	28	0	16	13	4088	2774	990022	91
2022	7	28	0	16	18	4087	2773	990006	91
2022	7	28	0	16	23	4083	2774	990101	91
2022	7	28	0	16	28	4077	2778	990088	91
2022	7	28	0	16	33	4074	2778	990155	91
2022	7	28	0	31	41	4091	2767	989923	91
2022	7	28	0	31	46	4089	2773	989955	91
2022	7	28	0	31	51	4087	2771	989963	91
2022	7	28	0	31	56	4080	2771	990014	91
2022	7	28	0	32	1	4083	2774	990033	91
2022	7	28	0	32	6	4075	2774	990070	91
2022	7	28	0	32	11	4077	2776	989999	91
2022	7	28	0	32	16	4078	2773	990116	91
2022	7	28	0	32	21	4073	2778	990113	91
2022	7	28	0	32	26	4073	2780	990247	91
2022	7	28	0	32	31	4068	2778	990178	91
2022	7	28	0	32	36	4066	2780	990221	91
2022	7	28	0	47	42	4084	2771	990037	91
2022	7	28	0	47	47	4077	2774	990141	91
2022	7	28	0	47	52	4074	2774	990078	91
2022	7	28	0	47	58	4077	2776	990160	91
2022	7	28	0	48	3	4073	2776	990245	91
2022	7	28	0	48	8	4073	2778	990201	91
2022	7	28	0	48	13	4071	2776	990228	91
2022	7	28	0	48	18	4064	2780	990227	91
2022	7	28	0	48	23	4063	2781	990367	91
2022	7	28	0	48	28	4063	2778	990200	91
2022	7	28	0	48	33	4061	2781	990309	91
2022	7	28	0	48	38	4066	2780	990391	91
2022	7	28	1	3	45	4074	2771	990153	91
2022	7	28	1	3	50	4072	2774	990165	91
2022	7	28	1	3	55	4061	2778	990235	91
2022	7	28	1	4	1	4065	2776	990308	91
2022	7	28	1	4	6	4060	2780	990274	91
2022	7	28	1	4	11	4067	2780	990246	91
2022	7	28	1	4	16	4056	2780	990349	91
2022	7	28	1	4	22	4056	2783	990417	91
2022	7	28	1	4	27	4051	2783	990462	91
2022	7	28	1	4	32	4053	2783	990427	91
2022	7	28	1	4	37	4055	2780	990451	91
2022	7	28	1	4	42	4041	2785	990438	91
2022	7	28	1	19	48	4064	2774	990143	91
2022	7	28	1	19	53	4064	2776	990250	91
2022	7	28	1	19	58	4060	2778	990147	91
2022	7	28	1	20	4	4058	2780	990294	91
2022	7	28	1	20	10	4052	2781	990355	91
2022	7	28	1	20	15	4048	2783	990399	91
2022	7	28	1	20	20	4051	2781	990375	91
2022	7	28	1	20	25	4043	2785	990466	91
2022	7	28	1	20	30	4045	2783	990454	91
2022	7	28	1	20	35	4037	2787	990572	91
2022	7	28	1	20	40	4041	2785	990558	91
2022	7	28	1	20	45	4045	2785	990528	91
2022	7	28	1	35	51	4059	2776	990298	91
2022	7	28	1	35	56	4058	2778	990359	91
2022	7	28	1	36	1	4049	2778	990352	91
2022	7	28	1	36	6	4048	2780	990315	91
2022	7	28	1	36	11	4053	2781	990438	91
2022	7	28	1	36	16	4038	2783	990368	91
2022	7	28	1	36	21	4047	2783	990480	91
2022	7	28	1	36	27	4045	2785	990502	91
2022	7	28	1	36	32	4043	2781	990573	91
2022	7	28	1	36	37	4031	2783	990614	91
2022	7	28	1	36	42	4031	2785	990636	91
2022	7	28	1	36	47	4031	2787	990568	91
2022	7	28	1	51	53	4048	2778	990445	91
2022	7	28	1	51	58	4047	2780	990355	91
2022	7	28	1	52	3	4041	2783	990466	91
2022	7	28	1	52	8	4038	2781	990418	91
2022	7	28	1	52	13	4037	2783	990578	91
2022	7	28	1	52	19	4032	2785	990497	91
2022	7	28	1	52	24	4027	2783	990552	91
2022	7	28	1	52	29	4033	2783	990582	91
2022	7	28	1	52	34	4030	2783	990548	91
2022	7	28	1	52	39	4031	2785	990646	91
2022	7	28	1	52	44	4033	2787	990626	91
2022	7	28	1	52	49	4029	2788	990566	91
2022	7	28	2	7	55	4044	2773	990354	91
2022	7	28	2	8	0	4036	2780	990454	91
2022	7	28	2	8	5	4040	2780	990444	91
2022	7	28	2	8	10	4037	2781	990472	91
2022	7	28	2	8	15	4036	2783	990475	91
2022	7	28	2	8	20	4027	2783	990508	91
2022	7	28	2	8	25	4030	2788	990521	91
2022	7	28	2	8	30	4025	2785	990612	91
2022	7	28	2	8	35	4028	2788	990619	91
2022	7	28	2	8	40	4020	2790	990543	91
2022	7	28	2	8	45	4022	2787	990701	91
2022	7	28	2	8	50	4022	2787	990678	91
2022	7	28	2	23	56	4035	2781	990393	91
2022	7	28	2	24	1	4036	2781	990512	91
2022	7	28	2	24	6	4036	2783	990443	91
2022	7	28	2	24	11	4025	2781	990503	91
2022	7	28	2	24	16	4031	2785	990546	91
2022	7	28	2	24	21	4027	2785	990558	91
2022	7	28	2	24	26	4022	2785	990619	91
2022	7	28	2	24	31	4015	2785	990625	91
2022	7	28	2	24	36	4017	2787	990714	91
2022	7	28	2	24	41	4012	2787	990651	91
2022	7	28	2	24	47	4011	2788	990715	91
2022	7	28	2	24	52	4016	2790	990700	91
2022	7	28	2	39	58	4028	2781	990502	91
2022	7	28	2	40	3	4027	2785	990569	91
2022	7	28	2	40	8	4019	2783	990564	91
2022	7	28	2	40	13	4027	2785	990593	91
2022	7	28	2	40	18	4023	2781	990609	91
2022	7	28	2	40	23	4022	2787	990519	91
2022	7	28	2	40	28	4020	2788	990626	91
2022	7	28	2	40	33	4005	2787	990638	91
2022	7	28	2	40	38	4008	2790	990742	91
2022	7	28	2	40	43	4006	2788	990729	91
2022	7	28	2	40	48	4007	2794	990720	91
2022	7	28	2	40	53	4006	2790	990716	91
2022	7	28	2	55	59	4023	2781	990564	91
2022	7	28	2	56	5	4017	2785	990604	91
2022	7	28	2	56	10	4015	2785	990535	91
2022	7	28	2	56	15	4014	2785	990591	91
2022	7	28	2	56	20	4008	2787	990712	91
2022	7	28	2	56	25	4003	2788	990640	91
2022	7	28	2	56	30	4009	2785	990638	91
2022	7	28	2	56	36	4006	2787	990688	91
2022	7	28	2	56	41	3999	2790	990670	91
2022	7	28	2	56	46	4004	2790	990738	91
2022	7	28	2	56	51	4004	2790	990760	91
2022	7	28	2	56	56	3995	2790	990892	91
2022	7	28	3	12	2	4018	2781	990533	91
2022	7	28	3	12	7	4014	2783	990651	91
2022	7	28	3	12	12	4013	2783	990581	91
2022	7	28	3	12	17	4010	2783	990655	91
2022	7	28	3	12	22	4008	2785	990608	91
2022	7	28	3	12	27	3995	2788	990666	91
2022	7	28	3	12	32	4006	2787	990758	91
2022	7	28	3	12	37	3999	2785	990731	91
2022	7	28	3	12	42	4000	2785	990698	91
2022	7	28	3	12	47	3996	2790	990774	91
2022	7	28	3	12	52	4000	2790	990806	91
2022	7	28	3	12	57	3998	2792	990859	91
2022	7	28	3	28	3	4011	2781	990571	90
2022	7	28	3	28	8	4007	2781	990628	90
2022	7	28	3	28	13	4007	2785	990636	90
2022	7	28	3	28	18	4003	2787	990716	90
2022	7	28	3	28	24	3995	2787	990695	90
2022	7	28	3	28	29	3997	2787	990784	90
2022	7	28	3	28	34	3992	2787	990718	90
2022	7	28	3	28	39	3995	2788	990797	90
2022	7	28	3	28	44	3984	2792	990745	90
2022	7	28	3	28	50	3994	2792	990853	90
2022	7	28	3	28	55	3981	2792	990894	90
2022	7	28	3	29	0	3985	2792	990848	90
2022	7	28	3	44	6	4009	2778	990531	90
2022	7	28	3	44	11	4005	2785	990737	90
2022	7	28	3	44	16	3994	2787	990561	90
2022	7	28	3	44	21	3999	2788	990692	90
2022	7	28	3	44	26	3989	2787	990678	90
2022	7	28	3	44	31	3991	2788	990665	90
2022	7	28	3	44	36	3993	2788	990711	90
2022	7	28	3	44	41	3986	2788	990714	90
2022	7	28	3	44	46	3986	2792	990852	90
2022	7	28	3	44	51	3983	2790	990918	90
2022	7	28	3	44	56	3975	2792	990857	90
2022	7	28	3	45	2	3984	2790	990866	90
2022	7	28	4	0	8	3999	2781	990644	90
2022	7	28	4	0	13	3990	2785	990730	90
2022	7	28	4	0	18	3998	2787	990688	90
2022	7	28	4	0	24	3986	2785	990683	90
2022	7	28	4	0	29	3987	2787	990813	90
2022	7	28	4	0	34	3983	2785	990774	90
2022	7	28	4	0	39	3986	2788	990698	90
2022	7	28	4	0	44	3985	2792	990889	90
2022	7	28	4	0	49	3977	2788	990803	90
2022	7	28	4	0	55	3983	2790	990865	90
2022	7	28	4	1	0	3981	2787	990889	90
2022	7	28	4	1	5	3982	2794	990897	90
2022	7	28	4	16	11	3991	2780	990588	90
2022	7	28	4	16	16	3987	2787	990691	90
2022	7	28	4	16	21	3987	2783	990652	90
2022	7	28	4	16	26	3984	2790	990655	90
2022	7	28	4	16	31	3983	2788	990806	90
2022	7	28	4	16	36	3987	2788	990734	90
2022	7	28	4	16	41	3974	2788	990817	90
2022	7	28	4	16	46	3975	2790	990921	90
2022	7	28	4	16	51	3975	2792	990819	90
2022	7	28	4	16	56	3973	2792	990821	90
2022	7	28	4	17	1	3972	2792	990879	90
2022	7	28	4	17	6	3967	2794	990956	90
2022	7	28	4	32	12	3987	2781	990628	90
2022	7	28	4	32	17	3985	2783	990686	90
2022	7	28	4	32	22	3987	2785	990775	90
2022	7	28	4	32	27	3975	2785	990701	90
2022	7	28	4	32	32	3987	2787	990717	90
2022	7	28	4	32	37	3975	2788	990753	90
2022	7	28	4	32	42	3976	2788	990750	90
2022	7	28	4	32	47	3976	2788	990840	90
2022	7	28	4	32	52	3974	2788	990826	90
2022	7	28	4	32	57	3967	2790	990884	90
2022	7	28	4	33	2	3969	2790	990845	90
2022	7	28	4	33	7	3968	2792	990928	90
2022	7	28	4	48	13	3985	2778	990594	90
2022	7	28	4	48	18	3985	2785	990682	90
2022	7	28	4	48	23	3977	2780	990697	90
2022	7	28	4	48	28	3981	2785	990785	90
2022	7	28	4	48	33	3966	2787	990768	90
2022	7	28	4	48	38	3973	2788	990735	90
2022	7	28	4	48	43	3967	2788	990864	90
2022	7	28	4	48	48	3972	2787	990788	90
2022	7	28	4	48	53	3965	2788	990912	90
2022	7	28	4	48	58	3962	2787	990905	90
2022	7	28	4	49	3	3961	2790	990869	90
2022	7	28	4	49	8	3969	2788	990970	90
2022	7	28	5	4	14	3982	2780	990636	90
2022	7	28	5	4	19	3979	2781	990699	90
2022	7	28	5	4	24	3975	2781	990688	90
2022	7	28	5	4	29	3975	2785	990767	90
2022	7	28	5	4	34	3967	2787	990702	90
2022	7	28	5	4	39	3968	2785	990833	90
2022	7	28	5	4	44	3965	2788	990894	90
2022	7	28	5	4	50	3955	2790	990817	90
2022	7	28	5	4	55	3966	2788	990782	90
2022	7	28	5	5	0	3962	2787	990899	90
2022	7	28	5	5	5	3964	2787	990950	90
2022	7	28	5	5	10	3961	2792	990960	90
2022	7	28	5	20	16	3978	2774	990629	90
2022	7	28	5	20	21	3972	2778	990737	90
2022	7	28	5	20	26	3967	2781	990717	90
2022	7	28	5	20	31	3968	2783	990874	90
2022	7	28	5	20	36	3959	2785	990812	90
2022	7	28	5	20	41	3970	2783	990772	90
2022	7	28	5	20	46	3959	2785	990811	90
2022	7	28	5	20	51	3956	2787	990798	90
2022	7	28	5	20	56	3959	2787	990852	90
2022	7	28	5	21	1	3959	2787	990855	90
2022	7	28	5	21	7	3954	2788	990964	90
2022	7	28	5	21	12	3953	2788	990975	90
2022	7	28	5	36	18	3975	2774	990622	90
2022	7	28	5	36	23	3963	2778	990634	90
2022	7	28	5	36	28	3968	2776	990739	90
2022	7	28	5	36	33	3967	2781	990717	90
2022	7	28	5	36	38	3961	2785	990767	90
2022	7	28	5	36	43	3960	2783	990776	90
2022	7	28	5	36	48	3963	2783	990850	90
2022	7	28	5	36	53	3949	2785	990844	90
2022	7	28	5	36	58	3952	2787	990853	90
2022	7	28	5	37	3	3952	2787	990902	90
2022	7	28	5	37	8	3950	2785	991046	90
2022	7	28	5	37	13	3950	2787	991044	90
2022	7	28	5	52	19	3964	2771	990647	90
2022	7	28	5	52	24	3969	2774	990761	90
2022	7	28	5	52	29	3966	2783	990736	90
2022	7	28	5	52	34	3961	2781	990863	90
2022	7	28	5	52	39	3961	2783	990787	90
2022	7	28	5	52	44	3957	2785	990785	90
2022	7	28	5	52	49	3951	2783	990863	90
2022	7	28	5	52	54	3948	2785	990923	90
2022	7	28	5	52	59	3953	2787	990929	90
2022	7	28	5	53	4	3950	2787	990917	90
2022	7	28	5	53	9	3944	2787	990887	90
2022	7	28	5	53	14	3951	2788	991012	90
2022	7	28	6	8	21	3959	2773	990737	90
2022	7	28	6	8	26	3960	2776	990865	90
2022	7	28	6	8	31	3958	2780	990727	90
2022	7	28	6	8	36	3957	2781	990887	90
2022	7	28	6	8	41	3947	2781	990831	90
2022	7	28	6	8	46	3952	2785	990793	90
2022	7	28	6	8	51	3951	2778	990866	90
2022	7	28	6	8	57	3949	2780	990870	90
2022	7	28	6	9	2	3949	2785	990942	90
2022	7	28	6	9	7	3943	2785	990925	90
2022	7	28	6	9	13	3940	2785	991036	90
2022	7	28	6	24	20	3964	2774	990736	90
2022	7	28	6	24	25	3960	2778	990771	90
2022	7	28	6	24	30	3957	2778	990888	90
2022	7	28	6	24	35	3952	2780	990901	90
2022	7	28	6	24	40	3946	2778	990820	90
2022	7	28	6	24	45	3950	2780	990904	90
2022	7	28	6	24	50	3946	2781	990845	90
2022	7	28	6	24	56	3945	2781	990930	90
2022	7	28	6	25	1	3943	2785	991009	90
2022	7	28	6	25	6	3937	2783	990982	90
2022	7	28	6	25	11	3940	2785	991050	90
2022	7	28	6	25	16	3940	2787	990964	90
2022	7	28	6	40	23	3961	2774	990809	90
2022	7	28	6	40	28	3954	2776	990713	90
2022	7	28	6	40	34	3953	2780	990908	90
2022	7	28	6	40	40	3947	2781	990863	90
2022	7	28	6	40	45	3944	2778	990853	90
2022	7	28	6	40	50	3941	2780	990904	90
2022	7	28	6	40	55	3939	2785	991004	90
2022	7	28	6	41	0	3938	2783	991042	90
2022	7	28	6	41	5	3937	2783	991107	90
2022	7	28	6	41	10	3933	2785	991027	90
2022	7	28	6	41	16	3936	2787	990990	90
2022	7	28	6	56	23	3956	2778	990985	90
2022	7	28	6	56	28	3946	2783	991034	90
2022	7	28	6	56	33	3944	2783	990949	90
2022	7	28	6	56	38	3945	2785	991052	90
2022	7	28	6	56	43	3944	2785	991148	90
2022	7	28	6	56	48	3948	2785	991033	90
2022	7	28	6	56	53	3941	2787	991166	90
2022	7	28	6	56	58	3941	2788	991233	90
2022	7	28	6	57	3	3938	2790	991250	90
2022	7	28	6	57	8	3934	2790	991263	90
2022	7	28	6	57	13	3931	2788	991262	90
2022	7	28	6	57	18	3929	2792	991311	90
2022	7	28	7	12	25	3947	2785	991224	90
2022	7	28	7	12	30	3945	2788	991322	90
2022	7	28	7	12	35	3939	2790	991323	90
2022	7	28	7	12	41	3941	2792	991306	90
2022	7	28	7	12	46	3936	2790	991311	90
2022	7	28	7	12	51	3935	2790	991318	90
2022	7	28	7	12	56	3934	2792	991467	90
2022	7	28	7	13	1	3931	2792	991454	90
2022	7	28	7	13	6	3931	2792	991481	90
2022	7	28	7	13	11	3935	2792	991569	90
2022	7	28	7	13	16	3928	2794	991599	90
2022	7	28	7	13	21	3924	2797	991590	90
2022	7	28	7	28	28	3942	2788	991579	90
2022	7	28	7	28	33	3938	2792	991635	90
2022	7	28	7	28	38	3939	2797	991616	90
2022	7	28	7	28	43	3934	2796	991602	90
2022	7	28	7	28	49	3926	2797	991680	90
2022	7	28	7	28	54	3928	2799	991733	90
2022	7	28	7	28	59	3928	2796	991774	90
2022	7	28	7	29	4	3926	2799	991844	90
2022	7	28	7	29	9	3927	2803	991820	90
2022	7	28	7	29	14	3922	2801	991779	90
2022	7	28	7	29	19	3919	2799	991837	90
2022	7	28	7	29	25	3918	2803	992017	90
2022	7	28	7	44	32	3931	2796	991805	90
2022	7	28	7	44	37	3935	2799	991888	90
2022	7	28	7	44	42	3931	2801	991834	90
2022	7	28	7	44	47	3928	2803	991899	90
2022	7	28	7	44	52	3927	2804	991980	90
2022	7	28	7	44	57	3923	2804	992045	90
2022	7	28	7	45	3	3919	2804	992036	90
2022	7	28	7	45	8	3921	2808	991960	90
2022	7	28	7	45	13	3922	2808	992056	90
2022	7	28	7	45	18	3911	2810	992009	90
2022	7	28	7	45	23	3911	2810	992107	90
2022	7	28	7	45	28	3914	2808	992032	90
2022	7	28	8	0	36	3931	2790	991683	90
2022	7	28	8	0	41	3929	2801	991783	90
2022	7	28	8	0	46	3925	2801	991782	90
2022	7	28	8	0	51	3921	2799	991768	90
2022	7	28	8	0	56	3918	2801	991822	90
2022	7	28	8	1	2	3920	2799	991791	90
2022	7	28	8	1	7	3924	2801	991799	90
2022	7	28	8	1	12	3913	2801	991889	90
2022	7	28	8	1	18	3912	2804	991932	90
2022	7	28	8	1	23	3920	2806	991908	90
2022	7	28	8	1	28	3907	2806	991926	90
2022	7	28	8	1	33	3906	2804	992032	90
2022	7	28	8	16	40	3932	2787	991372	90
2022	7	28	8	16	45	3931	2788	991502	90
2022	7	28	8	16	50	3922	2790	991415	90
2022	7	28	8	16	55	3929	2788	991495	90
2022	7	28	8	17	1	3931	2788	991365	90
2022	7	28	8	17	6	3924	2792	991509	90
2022	7	28	8	17	11	3919	2792	991519	90
2022	7	28	8	17	16	3919	2794	991556	90
2022	7	28	8	17	21	3925	2796	991573	90
2022	7	28	8	17	26	3910	2792	991558	90
2022	7	28	8	17	31	3911	2797	991720	90
2022	7	28	8	17	36	3904	2797	991695	90
2022	7	28	8	32	43	3945	2773	990819	90
2022	7	28	8	32	48	3949	2774	990928	90
2022	7	28	8	32	53	3944	2774	991024	90
2022	7	28	8	32	59	3940	2774	991032	90
2022	7	28	8	33	4	3938	2776	990987	90
2022	7	28	8	33	10	3935	2776	991019	90
2022	7	28	8	33	15	3932	2783	990985	90
2022	7	28	8	33	20	3930	2778	991008	90
2022	7	28	8	33	25	3930	2780	991080	90
2022	7	28	8	33	30	3937	2778	991125	90
2022	7	28	8	33	35	3919	2780	991074	90
2022	7	28	8	33	40	3929	2778	991194	90
2022	7	28	8	48	47	3959	2748	990287	90
2022	7	28	8	48	52	3947	2753	990238	90
2022	7	28	8	48	57	3953	2751	990344	90
2022	7	28	8	49	2	3951	2753	990309	90
2022	7	28	8	49	8	3946	2755	990336	90
2022	7	28	8	49	15	3944	2753	990399	90
2022	7	28	8	49	20	3943	2755	990391	90
2022	7	28	8	49	25	3937	2758	990499	90
2022	7	28	8	49	30	3945	2757	990480	90
2022	7	28	8	49	35	3939	2758	990498	90
2022	7	28	8	49	40	3933	2758	990568	90
2022	7	28	9	4	47	3957	2734	990010	90
2022	7	28	9	4	52	3952	2744	989921	90
2022	7	28	9	4	57	3951	2737	990056	90
2022	7	28	9	5	2	3948	2741	990026	90
2022	7	28	9	5	7	3941	2741	990134	90
2022	7	28	9	5	12	3938	2744	990124	90
2022	7	28	9	5	18	3938	2742	990201	90
2022	7	28	9	5	23	3938	2741	990160	90
2022	7	28	9	5	28	3939	2744	990238	90
2022	7	28	9	5	33	3936	2742	990229	90
2022	7	28	9	5	38	3929	2748	990190	90
2022	7	28	9	5	44	3931	2746	990272	90
2022	7	28	9	20	51	3951	2726	989647	90
2022	7	28	9	20	56	3945	2723	989760	90
2022	7	28	9	21	1	3949	2725	989682	90
2022	7	28	9	21	6	3942	2725	989774	90
2022	7	28	9	21	11	3949	2726	989645	90
2022	7	28	9	21	16	3935	2728	989729	90
2022	7	28	9	21	21	3939	2728	989885	90
2022	7	28	9	21	26	3931	2728	989892	90
2022	7	28	9	21	31	3936	2730	989898	90
2022	7	28	9	21	36	3938	2734	990012	90
2022	7	28	9	21	42	3936	2734	990000	90
2022	7	28	9	21	48	3938	2735	989890	90
2022	7	28	9	36	55	3939	2723	989765	90
2022	7	28	9	37	1	3933	2726	989756	90
2022	7	28	9	37	7	3930	2723	989863	90
2022	7	28	9	37	12	3926	2721	989837	90
2022	7	28	9	37	17	3928	2723	989876	90
2022	7	28	9	37	22	3923	2726	989882	90
2022	7	28	9	37	27	3923	2726	989999	90
2022	7	28	9	37	32	3925	2726	989964	90
2022	7	28	9	37	38	3922	2730	990043	90
2022	7	28	9	37	43	3919	2730	990045	90
2022	7	28	9	37	49	3926	2734	990011	90
2022	7	28	9	52	56	3927	2718	989752	90
2022	7	28	9	53	1	3925	2718	989832	90
2022	7	28	9	53	7	3921	2719	989876	90
2022	7	28	9	53	13	3919	2723	989876	90
2022	7	28	9	53	18	3919	2723	989913	90
2022	7	28	9	53	23	3910	2725	989887	90
2022	7	28	9	53	28	3918	2723	989968	90
2022	7	28	9	53	34	3908	2725	989988	90
2022	7	28	9	53	40	3911	2725	990109	90
2022	7	28	9	53	45	3912	2725	990071	90
2022	7	28	9	53	50	3905	2728	990063	90
2022	7	28	10	8	58	3921	2711	989871	90
2022	7	28	10	9	4	3913	2718	989905	90
2022	7	28	10	9	9	3920	2719	989825	90
2022	7	28	10	9	14	3915	2719	989899	90
2022	7	28	10	9	20	3910	2719	989871	90
2022	7	28	10	9	25	3911	2718	989995	90
2022	7	28	10	9	30	3903	2721	990069	90
2022	7	28	10	9	36	3903	2719	990041	90
2022	7	28	10	9	41	3906	2723	990020	90
2022	7	28	10	9	46	3899	2723	990108	90
2022	7	28	10	9	52	3898	2725	990211	90
2022	7	28	10	24	59	3921	2709	989948	90
2022	7	28	10	25	5	3911	2714	989920	90
2022	7	28	10	25	10	3900	2714	989918	90
2022	7	28	10	25	15	3902	2714	990006	90
2022	7	28	10	25	22	3902	2714	990036	90
2022	7	28	10	25	28	3903	2716	990022	90
2022	7	28	10	25	33	3898	2716	990106	90
2022	7	28	10	25	38	3896	2716	990060	90
2022	7	28	10	25	44	3889	2721	990164	90
2022	7	28	10	25	50	3890	2718	990253	90
2022	7	28	10	25	56	3892	2719	990290	90
2022	7	28	10	41	3	3902	2705	989960	89
2022	7	28	10	41	8	3900	2705	990020	89
2022	7	28	10	41	15	3902	2711	990014	89
2022	7	28	10	41	21	3896	2711	990040	89
2022	7	28	10	41	26	3894	2712	990131	89
2022	7	28	10	41	32	3894	2714	990089	89
2022	7	28	10	41	37	3890	2712	990185	89
2022	7	28	10	41	42	3894	2716	990150	89
2022	7	28	10	41	47	3891	2714	990213	89
2022	7	28	10	41	52	3892	2718	990190	89
2022	7	28	10	41	58	3884	2714	990261	89
2022	7	28	10	57	5	3897	2705	990055	89
2022	7	28	10	57	10	3898	2705	990020	89
2022	7	28	10	57	16	3897	2707	990153	89
2022	7	28	10	57	22	3892	2709	990222	89
2022	7	28	10	57	27	3891	2711	990146	89
2022	7	28	10	57	32	3881	2712	990131	89
2022	7	28	10	57	38	3892	2709	990206	89
2022	7	28	10	57	44	3882	2712	990296	89
2022	7	28	10	57	49	3889	2714	990339	89
2022	7	28	10	57	54	3881	2712	990319	89
2022	7	28	10	57	59	3885	2718	990362	89
2022	7	28	11	13	5	3902	2703	990213	89
2022	7	28	11	13	11	3887	2705	990248	89
2022	7	28	11	13	16	3897	2707	990317	89
2022	7	28	11	13	23	3886	2711	990249	89
2022	7	28	11	13	29	3886	2705	990321	89
2022	7	28	11	13	36	3886	2711	990336	89
2022	7	28	11	13	42	3882	2709	990421	89
2022	7	28	11	13	48	3886	2714	990331	89
2022	7	28	11	13	54	3876	2712	990479	89
2022	7	28	11	14	0	3874	2714	990404	89
2022	7	28	11	29	7	3901	2703	990330	89
2022	7	28	11	29	12	3894	2702	990256	89
2022	7	28	11	29	18	3886	2703	990313	89
2022	7	28	11	29	23	3885	2703	990401	89
2022	7	28	11	29	29	3872	2707	990329	89
2022	7	28	11	29	34	3883	2705	990362	89
2022	7	28	11	29	40	3886	2709	990385	89
2022	7	28	11	29	45	3877	2709	990436	89
2022	7	28	11	29	50	3881	2705	990561	89
2022	7	28	11	29	55	3881	2709	990544	89
2022	7	28	11	30	1	3874	2712	990668	89
2022	7	28	11	45	8	3888	2698	990308	89
2022	7	28	11	45	13	3888	2703	990397	89
2022	7	28	11	45	19	3884	2705	990433	89
2022	7	28	11	45	25	3881	2707	990483	89
2022	7	28	11	45	30	3881	2702	990485	89
2022	7	28	11	45	35	3880	2707	990470	89
2022	7	28	11	45	42	3872	2707	990603	89
2022	7	28	11	45	48	3871	2707	990570	89
2022	7	28	11	45	54	3872	2707	990562	89
2022	7	28	11	45	59	3871	2709	990718	89
2022	7	28	11	46	5	3875	2711	990738	89
